0.000000000 32496.000000000
1.000000000 32784.000000000
2.000000000 32816.000000000
3.000000000 32448.000000000
4.000000000 32512.000000000
5.000000000 32640.000000000
6.000000000 32720.000000000
7.000000000 32608.000000000
8.000000000 32224.000000000
9.000000000 32944.000000000
10.000000000 32688.000000000
11.000000000 32784.000000000
12.000000000 32128.000000000
13.000000000 32704.000000000
14.000000000 32880.000000000
15.000000000 32896.000000000
16.000000000 32240.000000000
17.000000000 32832.000000000
18.000000000 32512.000000000
19.000000000 32288.000000000
20.000000000 32400.000000000
21.000000000 32336.000000000
22.000000000 32816.000000000
23.000000000 32112.000000000
24.000000000 32528.000000000
25.000000000 32240.000000000
26.000000000 32752.000000000
27.000000000 31840.000000000
28.000000000 32256.000000000
29.000000000 32064.000000000
30.000000000 32032.000000000
31.000000000 32752.000000000
32.000000000 32560.000000000
33.000000000 31776.000000000
34.000000000 32288.000000000
35.000000000 32176.000000000
36.000000000 32576.000000000
37.000000000 32592.000000000
38.000000000 32416.000000000
39.000000000 32544.000000000
40.000000000 32144.000000000
41.000000000 32736.000000000
42.000000000 32192.000000000
43.000000000 32208.000000000
44.000000000 32528.000000000
45.000000000 32432.000000000
46.000000000 31760.000000000
47.000000000 32096.000000000
48.000000000 32288.000000000
49.000000000 32400.000000000
50.000000000 32336.000000000
51.000000000 32256.000000000
52.000000000 32480.000000000
53.000000000 32416.000000000
54.000000000 32128.000000000
55.000000000 31776.000000000
56.000000000 31712.000000000
57.000000000 32256.000000000
58.000000000 31728.000000000
59.000000000 31648.000000000
60.000000000 31488.000000000
61.000000000 31760.000000000
62.000000000 31664.000000000
63.000000000 31888.000000000
64.000000000 32256.000000000
65.000000000 31456.000000000
66.000000000 31696.000000000
67.000000000 32144.000000000
68.000000000 31664.000000000
69.000000000 32128.000000000
70.000000000 31440.000000000
71.000000000 31776.000000000
72.000000000 31456.000000000
73.000000000 31040.000000000
74.000000000 30992.000000000
75.000000000 31184.000000000
76.000000000 31232.000000000
77.000000000 31872.000000000
78.000000000 31616.000000000
79.000000000 31456.000000000
80.000000000 31232.000000000
81.000000000 31536.000000000
82.000000000 31344.000000000
83.000000000 32080.000000000
84.000000000 31968.000000000
85.000000000 31904.000000000
86.000000000 32304.000000000
87.000000000 31936.000000000
88.000000000 31840.000000000
89.000000000 31856.000000000
90.000000000 31072.000000000
91.000000000 31792.000000000
92.000000000 30960.000000000
93.000000000 31200.000000000
94.000000000 30656.000000000
95.000000000 31520.000000000
96.000000000 31232.000000000
97.000000000 30848.000000000
98.000000000 30752.000000000
99.000000000 31216.000000000
100.000000000 31424.000000000
101.000000000 31280.000000000
102.000000000 31152.000000000
103.000000000 30368.000000000
104.000000000 31056.000000000
105.000000000 31824.000000000
106.000000000 31184.000000000
107.000000000 31184.000000000
108.000000000 31040.000000000
109.000000000 31488.000000000
110.000000000 31200.000000000
111.000000000 30336.000000000
112.000000000 31008.000000000
113.000000000 30672.000000000
114.000000000 30752.000000000
115.000000000 30544.000000000
116.000000000 30944.000000000
117.000000000 30752.000000000
118.000000000 30816.000000000
119.000000000 31280.000000000
120.000000000 31216.000000000
121.000000000 31328.000000000
122.000000000 31456.000000000
123.000000000 30688.000000000
124.000000000 30560.000000000
125.000000000 30720.000000000
126.000000000 30640.000000000
127.000000000 30544.000000000
128.000000000 31040.000000000
129.000000000 30912.000000000
130.000000000 31264.000000000
131.000000000 31024.000000000
132.000000000 30416.000000000
133.000000000 30976.000000000
134.000000000 30928.000000000
135.000000000 29888.000000000
136.000000000 30544.000000000
137.000000000 30736.000000000
138.000000000 30880.000000000
139.000000000 30912.000000000
140.000000000 30704.000000000
141.000000000 30096.000000000
142.000000000 30576.000000000
143.000000000 30240.000000000
144.000000000 30368.000000000
145.000000000 30384.000000000
146.000000000 30144.000000000
147.000000000 30224.000000000
148.000000000 30064.000000000
149.000000000 29584.000000000
150.000000000 30176.000000000
151.000000000 30416.000000000
152.000000000 30368.000000000
153.000000000 30816.000000000
154.000000000 30048.000000000
155.000000000 30352.000000000
156.000000000 30320.000000000
157.000000000 30336.000000000
158.000000000 30320.000000000
159.000000000 30240.000000000
160.000000000 30096.000000000
161.000000000 29968.000000000
162.000000000 29760.000000000
163.000000000 29952.000000000
164.000000000 29856.000000000
165.000000000 29888.000000000
166.000000000 29680.000000000
167.000000000 29440.000000000
168.000000000 30032.000000000
169.000000000 30176.000000000
170.000000000 30256.000000000
171.000000000 30672.000000000
172.000000000 30320.000000000
173.000000000 30320.000000000
174.000000000 30336.000000000
175.000000000 30192.000000000
176.000000000 29920.000000000
177.000000000 29888.000000000
178.000000000 29344.000000000
179.000000000 29216.000000000
180.000000000 30576.000000000
181.000000000 29696.000000000
182.000000000 30048.000000000
183.000000000 30368.000000000
184.000000000 29712.000000000
185.000000000 30304.000000000
186.000000000 29680.000000000
187.000000000 30064.000000000
188.000000000 29920.000000000
189.000000000 29600.000000000
190.000000000 30080.000000000
191.000000000 30016.000000000
192.000000000 29520.000000000
193.000000000 29552.000000000
194.000000000 30032.000000000
195.000000000 29488.000000000
196.000000000 29536.000000000
197.000000000 29872.000000000
198.000000000 29328.000000000
199.000000000 29760.000000000
200.000000000 30064.000000000
201.000000000 30608.000000000
202.000000000 29952.000000000
203.000000000 29536.000000000
204.000000000 29632.000000000
205.000000000 29744.000000000
206.000000000 29232.000000000
207.000000000 29168.000000000
208.000000000 29312.000000000
209.000000000 29920.000000000
210.000000000 30048.000000000
211.000000000 28992.000000000
212.000000000 29904.000000000
213.000000000 29968.000000000
214.000000000 29520.000000000
215.000000000 29872.000000000
216.000000000 30032.000000000
217.000000000 29888.000000000
218.000000000 29888.000000000
219.000000000 30112.000000000
220.000000000 29216.000000000
221.000000000 29504.000000000
222.000000000 29808.000000000
223.000000000 29984.000000000
224.000000000 30288.000000000
225.000000000 29632.000000000
226.000000000 30096.000000000
227.000000000 29920.000000000
228.000000000 29328.000000000
229.000000000 29712.000000000
230.000000000 29952.000000000
231.000000000 30512.000000000
232.000000000 29600.000000000
233.000000000 29840.000000000
234.000000000 29776.000000000
235.000000000 30176.000000000
236.000000000 29920.000000000
237.000000000 30112.000000000
238.000000000 29424.000000000
239.000000000 29680.000000000
240.000000000 29296.000000000
241.000000000 29056.000000000
242.000000000 29856.000000000
243.000000000 29184.000000000
244.000000000 29696.000000000
245.000000000 29936.000000000
246.000000000 29872.000000000
247.000000000 29824.000000000
248.000000000 29952.000000000
249.000000000 29888.000000000
250.000000000 30176.000000000
251.000000000 30192.000000000
252.000000000 29712.000000000
253.000000000 29520.000000000
254.000000000 29024.000000000
255.000000000 29728.000000000
256.000000000 29328.000000000
257.000000000 29472.000000000
258.000000000 29408.000000000
259.000000000 29728.000000000
260.000000000 29152.000000000
261.000000000 28816.000000000
262.000000000 30416.000000000
263.000000000 29488.000000000
264.000000000 29440.000000000
265.000000000 29840.000000000
266.000000000 29408.000000000
267.000000000 29552.000000000
268.000000000 29952.000000000
269.000000000 29312.000000000
270.000000000 29200.000000000
271.000000000 29120.000000000
272.000000000 28864.000000000
273.000000000 29344.000000000
274.000000000 29680.000000000
275.000000000 29952.000000000
276.000000000 29856.000000000
277.000000000 29744.000000000
278.000000000 30176.000000000
279.000000000 29600.000000000
280.000000000 29664.000000000
281.000000000 29520.000000000
282.000000000 28816.000000000
283.000000000 29520.000000000
284.000000000 29824.000000000
285.000000000 29488.000000000
286.000000000 29120.000000000
287.000000000 29872.000000000
288.000000000 29664.000000000
289.000000000 29504.000000000
290.000000000 29840.000000000
291.000000000 29808.000000000
292.000000000 29664.000000000
293.000000000 29776.000000000
294.000000000 29248.000000000
295.000000000 28736.000000000
296.000000000 28752.000000000
297.000000000 28336.000000000
298.000000000 28816.000000000
299.000000000 28608.000000000
300.000000000 29744.000000000
301.000000000 29840.000000000
302.000000000 30240.000000000
303.000000000 29968.000000000
304.000000000 30208.000000000
305.000000000 29776.000000000
306.000000000 29056.000000000
307.000000000 29168.000000000
308.000000000 28880.000000000
309.000000000 28400.000000000
310.000000000 28032.000000000
311.000000000 29024.000000000
312.000000000 29568.000000000
313.000000000 29232.000000000
314.000000000 30080.000000000
315.000000000 30976.000000000
316.000000000 31312.000000000
317.000000000 31584.000000000
318.000000000 30000.000000000
319.000000000 29248.000000000
320.000000000 28448.000000000
321.000000000 27600.000000000
322.000000000 27568.000000000
323.000000000 27168.000000000
324.000000000 27648.000000000
325.000000000 28464.000000000
326.000000000 29520.000000000
327.000000000 30112.000000000
328.000000000 30400.000000000
329.000000000 30992.000000000
330.000000000 30400.000000000
331.000000000 29680.000000000
332.000000000 29104.000000000
333.000000000 28256.000000000
334.000000000 27632.000000000
335.000000000 26864.000000000
336.000000000 27168.000000000
337.000000000 27984.000000000
338.000000000 28832.000000000
339.000000000 30224.000000000
340.000000000 31888.000000000
341.000000000 32528.000000000
342.000000000 33136.000000000
343.000000000 32720.000000000
344.000000000 31280.000000000
345.000000000 30016.000000000
346.000000000 27984.000000000
347.000000000 27328.000000000
348.000000000 25744.000000000
349.000000000 25936.000000000
350.000000000 26032.000000000
351.000000000 28016.000000000
352.000000000 30096.000000000
353.000000000 31312.000000000
354.000000000 33152.000000000
355.000000000 33792.000000000
356.000000000 33744.000000000
357.000000000 32800.000000000
358.000000000 30816.000000000
359.000000000 29344.000000000
360.000000000 26560.000000000
361.000000000 25184.000000000
362.000000000 24416.000000000
363.000000000 24992.000000000
364.000000000 26096.000000000
365.000000000 28864.000000000
366.000000000 31136.000000000
367.000000000 33408.000000000
368.000000000 34800.000000000
369.000000000 36256.000000000
370.000000000 35168.000000000
371.000000000 32848.000000000
372.000000000 30400.000000000
373.000000000 26864.000000000
374.000000000 24480.000000000
375.000000000 22896.000000000
376.000000000 21952.000000000
377.000000000 22752.000000000
378.000000000 25264.000000000
379.000000000 29120.000000000
380.000000000 33088.000000000
381.000000000 35904.000000000
382.000000000 38096.000000000
383.000000000 38736.000000000
384.000000000 36976.000000000
385.000000000 34784.000000000
386.000000000 31024.000000000
387.000000000 27024.000000000
388.000000000 22736.000000000
389.000000000 20208.000000000
390.000000000 19120.000000000
391.000000000 19744.000000000
392.000000000 22016.000000000
393.000000000 26400.000000000
394.000000000 31088.000000000
395.000000000 35904.000000000
396.000000000 39024.000000000
397.000000000 41168.000000000
398.000000000 41008.000000000
399.000000000 39488.000000000
400.000000000 35552.000000000
401.000000000 30048.000000000
402.000000000 25408.000000000
403.000000000 20624.000000000
404.000000000 17216.000000000
405.000000000 15904.000000000
406.000000000 17264.000000000
407.000000000 19408.000000000
408.000000000 25024.000000000
409.000000000 29488.000000000
410.000000000 36480.000000000
411.000000000 39584.000000000
412.000000000 43344.000000000
413.000000000 43280.000000000
414.000000000 41024.000000000
415.000000000 37680.000000000
416.000000000 32720.000000000
417.000000000 27328.000000000
418.000000000 22272.000000000
419.000000000 18640.000000000
420.000000000 15600.000000000
421.000000000 15584.000000000
422.000000000 18016.000000000
423.000000000 21120.000000000
424.000000000 25456.000000000
425.000000000 30496.000000000
426.000000000 34944.000000000
427.000000000 39760.000000000
428.000000000 41152.000000000
429.000000000 41504.000000000
430.000000000 39472.000000000
431.000000000 36912.000000000
432.000000000 32640.000000000
433.000000000 28352.000000000
434.000000000 23568.000000000
435.000000000 20704.000000000
436.000000000 18064.000000000
437.000000000 17264.000000000
438.000000000 18208.000000000
439.000000000 20592.000000000
440.000000000 24128.000000000
441.000000000 27968.000000000
442.000000000 31808.000000000
443.000000000 35104.000000000
444.000000000 37088.000000000
445.000000000 38944.000000000
446.000000000 38464.000000000
447.000000000 37168.000000000
448.000000000 34560.000000000
449.000000000 32016.000000000
450.000000000 28464.000000000
451.000000000 25760.000000000
452.000000000 23472.000000000
453.000000000 21872.000000000
454.000000000 20736.000000000
455.000000000 21920.000000000
456.000000000 22752.000000000
457.000000000 24816.000000000
458.000000000 27696.000000000
459.000000000 30032.000000000
460.000000000 31888.000000000
461.000000000 33856.000000000
462.000000000 34864.000000000
463.000000000 35424.000000000
464.000000000 34816.000000000
465.000000000 33296.000000000
466.000000000 32048.000000000
467.000000000 30512.000000000
468.000000000 28000.000000000
469.000000000 26752.000000000
470.000000000 25152.000000000
471.000000000 24576.000000000
472.000000000 24720.000000000
473.000000000 24944.000000000
474.000000000 25744.000000000
475.000000000 27264.000000000
476.000000000 28240.000000000
477.000000000 29808.000000000
478.000000000 31664.000000000
479.000000000 31776.000000000
480.000000000 31760.000000000
481.000000000 32160.000000000
482.000000000 32096.000000000
483.000000000 31120.000000000
484.000000000 31088.000000000
485.000000000 29568.000000000
486.000000000 28000.000000000
487.000000000 28208.000000000
488.000000000 27184.000000000
489.000000000 27168.000000000
490.000000000 26496.000000000
491.000000000 27120.000000000
492.000000000 27568.000000000
493.000000000 27984.000000000
494.000000000 29152.000000000
495.000000000 29152.000000000
496.000000000 30224.000000000
497.000000000 30144.000000000
498.000000000 30960.000000000
499.000000000 30448.000000000
500.000000000 30416.000000000
501.000000000 30128.000000000
502.000000000 30272.000000000
503.000000000 29760.000000000
504.000000000 28976.000000000
505.000000000 28784.000000000
506.000000000 28416.000000000
507.000000000 28896.000000000
508.000000000 28288.000000000
509.000000000 28336.000000000
510.000000000 28256.000000000
511.000000000 28400.000000000
512.000000000 29392.000000000
513.000000000 29136.000000000
514.000000000 29904.000000000
515.000000000 30160.000000000
516.000000000 30128.000000000
517.000000000 29728.000000000
518.000000000 29792.000000000
519.000000000 30192.000000000
520.000000000 29584.000000000
521.000000000 29024.000000000
522.000000000 29536.000000000
523.000000000 29248.000000000
524.000000000 29376.000000000
525.000000000 28544.000000000
526.000000000 29120.000000000
527.000000000 28560.000000000
528.000000000 29296.000000000
529.000000000 29568.000000000
530.000000000 29328.000000000
531.000000000 30032.000000000
532.000000000 29760.000000000
533.000000000 29696.000000000
534.000000000 29792.000000000
535.000000000 29280.000000000
536.000000000 29584.000000000
537.000000000 29984.000000000
538.000000000 30320.000000000
539.000000000 28736.000000000
540.000000000 29072.000000000
541.000000000 29552.000000000
542.000000000 29488.000000000
543.000000000 28944.000000000
544.000000000 28576.000000000
545.000000000 28656.000000000
546.000000000 29184.000000000
547.000000000 28992.000000000
548.000000000 29568.000000000
549.000000000 29504.000000000
550.000000000 29472.000000000
551.000000000 29056.000000000
552.000000000 29696.000000000
553.000000000 29056.000000000
554.000000000 29648.000000000
555.000000000 29536.000000000
556.000000000 29712.000000000
557.000000000 29920.000000000
558.000000000 29648.000000000
559.000000000 29808.000000000
560.000000000 29776.000000000
561.000000000 29184.000000000
562.000000000 29168.000000000
563.000000000 29104.000000000
564.000000000 29072.000000000
565.000000000 28560.000000000
566.000000000 29120.000000000
567.000000000 29104.000000000
568.000000000 29504.000000000
569.000000000 29904.000000000
570.000000000 29328.000000000
571.000000000 29024.000000000
572.000000000 29312.000000000
573.000000000 29952.000000000
574.000000000 30448.000000000
575.000000000 29952.000000000
576.000000000 29648.000000000
577.000000000 29568.000000000
578.000000000 30144.000000000
579.000000000 29600.000000000
580.000000000 29488.000000000
581.000000000 29680.000000000
582.000000000 29728.000000000
583.000000000 29392.000000000
584.000000000 29840.000000000
585.000000000 29456.000000000
586.000000000 29440.000000000
587.000000000 29744.000000000
588.000000000 29440.000000000
589.000000000 29584.000000000
590.000000000 29680.000000000
591.000000000 29488.000000000
592.000000000 29712.000000000
593.000000000 29904.000000000
594.000000000 29696.000000000
595.000000000 29760.000000000
596.000000000 29360.000000000
597.000000000 29344.000000000
598.000000000 29392.000000000
599.000000000 29472.000000000
600.000000000 29168.000000000
601.000000000 29280.000000000
602.000000000 29664.000000000
603.000000000 30096.000000000
604.000000000 29472.000000000
605.000000000 29360.000000000
606.000000000 29424.000000000
607.000000000 29648.000000000
608.000000000 29296.000000000
609.000000000 29136.000000000
610.000000000 29872.000000000
611.000000000 29536.000000000
612.000000000 29680.000000000
613.000000000 29264.000000000
614.000000000 29584.000000000
615.000000000 29488.000000000
616.000000000 29472.000000000
617.000000000 29280.000000000
618.000000000 29296.000000000
619.000000000 29408.000000000
620.000000000 29376.000000000
621.000000000 29376.000000000
622.000000000 29312.000000000
623.000000000 29264.000000000
624.000000000 28832.000000000
625.000000000 28528.000000000
626.000000000 28560.000000000
627.000000000 29168.000000000
628.000000000 29360.000000000
629.000000000 29024.000000000
630.000000000 29152.000000000
631.000000000 28624.000000000
632.000000000 29232.000000000
633.000000000 28752.000000000
634.000000000 28592.000000000
635.000000000 28672.000000000
636.000000000 28768.000000000
637.000000000 28848.000000000
638.000000000 29168.000000000
639.000000000 28944.000000000
640.000000000 28624.000000000
641.000000000 28176.000000000
642.000000000 29136.000000000
643.000000000 28448.000000000
644.000000000 29312.000000000
645.000000000 28768.000000000
646.000000000 28864.000000000
647.000000000 27920.000000000
648.000000000 28656.000000000
649.000000000 28096.000000000
650.000000000 27952.000000000
651.000000000 28128.000000000
652.000000000 28064.000000000
653.000000000 28384.000000000
654.000000000 28576.000000000
655.000000000 28160.000000000
