   inf 59854.243902439
24.770823593 26461.064672861
12.385411796 12132.602857113
8.256941198 2357.966514525
6.192705898 7717.700190598
4.954164719 3629.309406280
4.128470599 2540.142375921
3.538689085 4305.353504263
3.096352949 1485.501354952
2.752313733 2372.163186267
2.477082359 2869.550326073
2.251893054 436.551724756
2.064235299 2129.685713913
1.905447969 1960.115324206
1.769344542 281.695690756
1.651388240 1891.584974638
1.548176475 1330.358155586
1.457107270 583.723329957
1.376156866 1716.439111400
1.303727558 782.602369742
1.238541180 836.073421265
1.179563028 1407.074351389
1.125946527 410.700178534
1.076992330 953.355334923
1.032117650 1195.192171388
0.990832944 132.014347428
0.952723984 1031.437455344
0.917437911 949.901318544
0.884672271 275.725007974
0.854166331 1001.197774098
0.825694120 669.160606456
0.799058826 475.377455230
0.774088237 911.344461735
0.750631018 418.674747461
0.728553635 608.450941377
0.707737817 814.776427788
0.688078433 170.789464695
0.669481719 698.039881576
0.651863779 653.105190247
0.635149323 60.979111307
0.619270590 724.699291851
0.604166429 522.221530118
0.589781514 207.123511519
0.576065665 710.789608211
0.562973263 353.389156473
0.550462747 341.362568590
0.538496165 662.030437117
0.527038800 169.817321068
0.516058825 329.386371305
0.505527012 673.745245975
0.495416472 114.018364958
0.485702423 677.198317617
0.476361992 253.677428205
0.467374030 365.656868783
0.458718955 598.572222737
0.450378611 955.137853466
0.442336136 1005.559291057
0.434575853 832.063708637
0.427083165 1047.391434839
0.419844468 916.070650153
0.412847060 1745.204232574
0.406079075 1157.083829235
0.399529413 1381.458300187
0.393187676 1358.657097144
0.387044119 1355.918186945
0.381089594 1771.717431744
0.375315509 1026.122215510
0.369713785 1303.868709375
0.364276818 1402.377608013
0.358997443 1309.834769395
0.353868908 1327.789729859
0.348884839 725.497388597
0.344039217 1207.806366378
0.339326351 1212.071262610
0.334740859 627.666599110
0.330277648 861.092528142
0.325931889 850.187877106
0.321699008 664.264414058
0.317574661 532.413240101
0.313554729 454.798412538
0.309635295 423.021576684
0.305812637 284.909497311
0.302083215 329.307864543
0.298443658 256.583236238
0.294890757 239.481050952
0.291421454 350.557568266
0.288032832 129.393573679
0.284722110 275.667222335
0.281486632 343.627769604
0.278323861  6.916343417
0.275231373 302.368666836
0.272206853 259.146373380
0.269248083 71.574713153
0.266352942 298.455971307
0.263519400 218.898178224
0.260745512 127.982026404
0.258029412 330.119743230
0.255369315 182.866516736
0.252763506 256.712199730
0.250210339 270.134402496
0.247708236 63.304397906
0.245255679 232.905822075
0.242851212 278.788547086
0.240493433 34.834505124
0.238180996 268.957456965
0.235912606 233.264071123
0.233687015 94.994274414
0.231503024 280.524393510
0.229359478 178.346885763
0.227255262 167.506912535
0.225189305 272.716244842
0.223160573 76.490680781
0.221168068 183.377627779
0.219210828 244.932872724
0.217287926 53.385226042
0.215398466 203.582653824
0.213541583 236.143447768
0.211716441 20.828698953
0.209922234 251.006443542
0.208158181 222.711061306
0.206423530 131.850380471
0.204717550 254.235297577
0.203039538 137.664025864
0.201388810 168.613061486
0.199764706 250.069553351
0.198166589 62.110462236
0.196593838 184.375239274
0.195045855 252.244737609
0.193522059 25.360625131
0.192021888 214.674271841
0.190544797 191.571197583
0.189090256 65.399605062
0.187657754 232.375929796
0.186246794 157.110217221
0.184856892 122.214219973
0.183487582 250.030643968
0.182138409 79.399247643
0.180808931 167.933889363
0.179498722 215.514219581
0.178207364 27.088564618
0.176934454 189.264249303
0.175679600 182.572871318
0.174442420 22.345454312
0.173222543 232.838001893
0.172019608 145.694824977
0.170833266 81.672680092
0.169663175 213.798761209
0.168509004 115.421117712
0.167370430 142.076655694
0.166247138 205.609393491
0.165138824 42.673943312
0.164045189 145.001923132
0.162965945 186.656914909
0.161900808 14.952961219
0.160849504 170.760609313
0.159811765 164.084514509
0.158787331 30.750483834
0.157775946 217.217105441
0.156777365 101.047580732
0.155791343 79.231008059
0.154817647 182.135300298
0.153856047 96.620204501
0.152906318 111.801668507
0.151968243 203.127085215
0.151041607 60.368543117
0.150126204 182.699949350
0.149221829 158.487373204
0.148328285 20.771330973
0.147445379 181.570167766
0.146572921 141.354715701
0.145710727 93.343861006
0.144858618 148.165051762
0.144016416 121.919928236
0.143183951 96.106240849
0.142361055 172.187731557
0.141547563 83.048206038
0.140743316 136.028267779
0.139948156 171.226746472
0.139161930 27.701493326
0.138384489 132.049907157
0.137615687 159.894695822
0.136855379 30.110747269
0.136103426 166.050302825
0.135359692 123.109006926
0.134624041 71.916070091
0.133896344 168.121094405
0.133176471 86.379570190
0.132464297 95.061119941
0.131759700 177.744923990
0.131062559 40.279951533
0.130372756 119.730094983
0.129690176 179.510684380
0.129014706  7.288189297
0.128346236 145.032729409
0.127684658 154.664593659
0.127029865 68.037597923
0.126381753 160.446862116
0.125740221 109.896747097
0.125105170 87.590153187
0.124476500 164.381742837
0.123854118 76.974113205
0.123237928 114.029254233
0.122627840 174.189061568
0.122023762 33.441627970
0.121425606 169.115928853
0.120833286 121.946189239
0.120246716 54.550378531
0.119665814 136.487113433
0.119090498 104.331087561
0.118520687 49.610543473
0.117956303 158.270302286
0.117397268 70.089872208
0.116843508 71.999309005
0.116294946 151.775830760
0.115751512 66.719307379
0.115213133 105.850740252
0.114679739 180.314703675
0.114151261 31.641195878
0.113627631 152.091469082
0.113108784 87.766567458
0.112594653 29.686810064
0.112085175 152.592113513
0.111580286 59.692883435
0.111079926 43.033151532
0.110584034 135.682296885
0.110092549 88.273305641
0.109605414 84.759134464
0.109122571 167.931083350
0.108643963 21.495336336
0.108169535 116.600369253
0.107699233 151.268446690
0.107233003 60.106619778
0.106770791 110.552783694
0.106312548 115.962076053
0.105858220 22.465677283
0.105407760 168.718276026
0.104961117 98.065413349
0.104518243 114.071001940
0.104079091 144.202705924
0.103643613 38.136539994
0.103211765 131.175975143
0.102783500 104.387700214
0.102358775  4.440626437
0.101937546 111.741721368
0.101519769 112.015327638
0.101105402 46.498622233
0.100694405 145.139880076
0.100286735 67.659718794
0.099882353 41.540938747
0.099481219 120.247799827
0.099083294 71.731789078
0.098688540 72.351381462
0.098296919 127.675791051
0.097908394 44.568950030
0.097522928 105.951203778
0.097140485 132.861350356
0.096761030  4.060224790
0.096384528 152.013385777
0.096010944 69.192588725
0.095640246 35.894094564
0.095272398 123.425681308
0.094907370 70.038695922
0.094545128 63.360168862
0.094185641 135.696882067
0.093828877 27.146705393
0.093474806 84.370260987
0.093123397 107.552955435
0.092774620  4.493146579
0.092428446 80.663149712
0.092084846 98.894599749
0.091743791 17.104964708
0.091405253 128.439979044
0.091069204 79.419880169
0.090735618 38.108851183
0.090404466 122.130455223
0.090075722 62.789434430
0.089749361 63.423321050
0.089425356 120.385930493
0.089103682 41.110876521
0.088784314 81.821771929
0.088467227 135.034568837
0.088152397 22.679471984
0.087839800 96.350718287
0.087529412 90.216034824
0.087221210 31.323047708
0.086915171 105.934130710
0.086611271 93.494389551
0.086309490 53.455486808
0.086009804 91.917227758
0.085712192 91.077907531
0.085416633 93.733616265
0.085123105 106.530316307
0.084831588 49.425229025
0.084542060 102.926280784
0.084254502 113.531972761
0.083968894 13.938058762
0.083685215 108.504525868
0.083403446 81.870989015
0.083123569 28.468857897
0.082845564 103.603463634
0.082569412 93.647310456
0.082295095 69.545235073
0.082022595 132.745658188
0.081751893 40.449836502
0.081482972 88.592772595
0.081215815 102.518971038
0.080950404 25.754488940
0.080686722 94.012199215
0.080424752 114.956340286
0.080164478 44.884036622
0.079905883 99.274250008
0.079648950 66.345239837
0.079393665 24.282269511
0.079140011 137.401572985
0.078887973 36.538730796
0.078637535 64.936765541
0.078388682 95.037814761
0.078141399 55.796255063
0.077895672 103.804207098
0.077651485 93.980675452
0.077408824 14.598469844
0.077167675 106.676809591
0.076928024 102.427613210
0.076689856 29.337738438
0.076453159 131.383885361
0.076217919 65.465633054
0.075984121 85.524327609
0.075751754 83.310768497
0.075520804 62.869990130
0.075291257 86.396967255
0.075063102 107.644673245
0.074836325 17.972434913
0.074610914 99.930242984
0.074386858 99.558645631
0.074164142 39.995477718
0.073942757 89.200858696
0.073722689 83.811834402
0.073503928 54.127392434
0.073286460 106.818716571
0.073070276 33.758371340
0.072855364 60.065785119
0.072641711 80.184448974
0.072429309 51.401083218
0.072218145 95.145789845
0.072008208 85.920346974
0.071799489 11.445419502
0.071591976 74.669910647
0.071385659 116.778137452
0.071180528 51.720403186
0.070976572 106.160995945
0.070773782 34.486493099
0.070572147 26.137523121
0.070371658 101.786514769
0.070172305 65.827086899
0.069974078 61.610631813
0.069776968 109.333387835
0.069580965 34.874220467
0.069386060 73.018774640
0.069192245 92.558831365
0.068999509 17.210798739
0.068807843 127.782598584
0.068617240 67.799770972
0.068427689 52.325946975
0.068239183 75.812580117
0.068051713 81.633913679
0.067865270 72.697163664
0.067679846 91.888705973
0.067495432 41.180585133
0.067312021 74.829638333
0.067129603 103.587881639
0.066948172 19.773147298
0.066767719 103.708031521
0.066588235 92.996667531
0.066409715 38.224627400
0.066232149 80.492607019
0.066055530 82.399681116
0.065879850 57.386023663
0.065705102 110.390188446
0.065531279 12.991437638
0.065358374 39.936782957
0.065186378 86.313980055
0.065015285 37.408601434
0.064845088 89.742765410
0.064675780 79.102769427
0.064507353 14.436342922
0.064339802 84.205128987
0.064173118 73.949339118
0.064007296 24.835493215
0.063842329 85.750914219
0.063678210 60.123454185
0.063514932 36.829487828
0.063352490 106.298936891
0.063190877 26.528714031
0.063030085 47.897083949
0.062870111 115.415978914
0.062710946 12.807102260
0.062552585 82.850746634
0.062395022 82.041209104
0.062238250 31.664787632
0.062082265 90.530322103
0.061927059 54.024582557
0.061772627  6.665765890
0.061618964 123.470685017
0.061466064 35.996351956
0.061313920 42.391161198
0.061162527 108.354484498
0.061011881 26.272171583
0.060861974 74.281620536
0.060712803 73.032755779
0.060564361 34.006258791
0.060416643 102.481656989
0.060269644 50.735466682
0.060123358  7.760202517
0.059977781 84.119347699
0.059832907 83.527285465
0.059688732 49.557039345
0.059545249 106.940530589
0.059402455 41.900818545
0.059260344 50.814208128
0.059118911 92.709301053
0.058978151 39.419186719
0.058838061 85.749262780
0.058698634 86.496765644
0.058559867 30.872178527
0.058421754 59.759072198
0.058284291 65.574837701
0.058147473 15.120138522
0.058011296 97.899552435
0.057875756 60.424175944
0.057740848 28.296982280
0.057606566 132.166750305
0.057472909 27.744061756
0.057339869 91.514741260
0.057207445 68.687684039
0.057075630 34.614160217
0.056944422 64.976541637
0.056813816 73.529568492
0.056683807 10.035790215
0.056554392 97.080628895
0.056425566 80.143724462
0.056297326 70.252870672
0.056169668 55.166762618
0.056042587 61.663485199
0.055916080 38.174037444
0.055790143 100.076529413
0.055664772 24.368616823
0.055539963 59.002685510
0.055415713 76.266299880
0.055292017 44.508996063
0.055168872 108.007983466
0.055046275 84.056081184
0.054924221 26.491297296
0.054802707 108.547461789
0.054681730 61.340330974
0.054561285 63.805489969
0.054441371 91.325207589
0.054321982 67.170668042
0.054203115 75.935556635
0.054084768 92.445806520
0.053966936 11.046415025
0.053849617 66.848133276
0.053732806 96.642193589
0.053616501  7.743346448
0.053500699 102.894988712
0.053385396 68.844932859
0.053270588 40.428030046
0.053156274 89.702922441
0.053042449 57.881681222
0.052929110 40.037859761
0.052816255 112.013483909
0.052703880 32.601565946
0.052591982 76.433522244
0.052480558 93.893637492
0.052369606 14.761235524
0.052259122 101.714858334
0.052149102 100.178697040
0.052039545 22.982814289
0.051930448 132.082059864
0.051821807 47.675461190
0.051713619 62.930998990
0.051605882 93.220745420
0.051498594 45.910244287
0.051391750 95.945296161
0.051285349 74.162171558
0.051179388 28.514417756
0.051073863 111.188129301
0.050968773 49.971726882
0.050864114 19.559612194
0.050759884 86.931851010
0.050656081 65.029633451
0.050552701 49.848215493
0.050449743 72.647349806
0.050347202 50.487529905
0.050245078 52.107688435
0.050143368 95.479877253
0.050042068 17.542980442
0.049941177 62.176582987
0.049840691 93.719261763
0.049740610 28.148873220
0.049640929 77.291943730
0.049541647 43.749129453
0.049442762  8.913159731
0.049344270 101.673794051
0.049246170 39.275659786
0.049148460 53.746541793
0.049051136 98.301517882
0.048954197 49.539894338
0.048857640 65.304278245
0.048761464 95.495640186
0.048665665 13.746354486
0.048570242 68.152080965
0.048475193 53.418274287
0.048380515  7.219512195
