0.000000000000000000e+00 0.000000000000000000e+00
2.000000000007275958e-01 0.000000000000000000e+00
4.000000000014551915e-01 0.000000000000000000e+00
5.999999999985448085e-01 0.000000000000000000e+00
7.999999999992724042e-01 0.000000000000000000e+00
1.000000000000000000e+00 0.000000000000000000e+00
1.200000000000727596e+00 0.000000000000000000e+00
1.400000000001455192e+00 0.000000000000000000e+00
1.599999999998544808e+00 0.000000000000000000e+00
1.799999999999272404e+00 0.000000000000000000e+00
2.000000000000000000e+00 0.000000000000000000e+00
2.200000000000727596e+00 0.000000000000000000e+00
2.400000000001455192e+00 0.000000000000000000e+00
2.599999999998544808e+00 0.000000000000000000e+00
2.799999999999272404e+00 0.000000000000000000e+00
3.000000000000000000e+00 0.000000000000000000e+00
3.200000000000727596e+00 0.000000000000000000e+00
3.400000000001455192e+00 0.000000000000000000e+00
3.599999999998544808e+00 0.000000000000000000e+00
3.799999999999272404e+00 0.000000000000000000e+00
4.000000000000000000e+00 0.000000000000000000e+00
4.200000000000727596e+00 0.000000000000000000e+00
4.400000000001455192e+00 1.402284872750997943e-03
4.599999999998544808e+00 0.000000000000000000e+00
4.799999999999272404e+00 0.000000000000000000e+00
5.000000000000000000e+00 0.000000000000000000e+00
5.200000000000727596e+00 0.000000000000000000e+00
5.400000000001455192e+00 0.000000000000000000e+00
5.599999999998544808e+00 0.000000000000000000e+00
5.799999999999272404e+00 2.560165087842139204e-05
6.000000000000000000e+00 3.246322532031679101e-05
6.200000000000727596e+00 1.438868688573756221e-03
6.400000000001455192e+00 8.559511293573977093e-04
6.599999999998544808e+00 1.167513459634190965e-03
6.799999999999272404e+00 1.711997157567957421e-03
7.000000000000000000e+00 3.911675063394124893e-03
7.200000000000727596e+00 1.363965059604007029e-03
7.400000000001455192e+00 4.554865004151177621e-03
7.599999999998544808e+00 8.375468083498755281e-03
7.799999999999272404e+00 6.279271156960549924e-03
8.000000000000000000e+00 1.103980047192839806e-02
8.200000000000727596e+00 1.436245156261662867e-02
8.400000000001455192e+00 1.356890035244073464e-02
8.599999999998544808e+00 2.488974296548777249e-02
8.799999999999272404e+00 4.120029768404722542e-02
9.000000000000000000e+00 3.023672064359274325e-02
9.200000000000727596e+00 5.158166391111011079e-02
9.400000000001455192e+00 6.686358419181986923e-02
9.599999999998544808e+00 6.549022489078930309e-02
9.799999999999272404e+00 9.079186891957931327e-02
1.000000000000000000e+01 9.265521591491891751e-02
1.020000000000072760e+01 1.140238617407193095e-01
1.040000000000145519e+01 1.278452281314596539e-01
1.059999999999854481e+01 1.457295819728095798e-01
1.079999999999927240e+01 1.592953252471261960e-01
1.100000000000000000e+01 1.338488029335767882e-01
1.120000000000072760e+01 1.255150660831939602e-01
1.140000000000145519e+01 1.303671593854894561e-01
1.159999999999854481e+01 1.295520046108821766e-01
1.179999999999927240e+01 1.076320582962904532e-01
1.200000000000000000e+01 7.070871472150733195e-02
1.220000000000072760e+01 6.477622994606228868e-02
1.240000000000145519e+01 5.439840397371843023e-02
1.259999999999854481e+01 5.474454978375516839e-02
1.279999999999927240e+01 4.810409998759055533e-02
1.300000000000000000e+01 3.422577926904725454e-02
1.320000000000072760e+01 3.757695737097451610e-02
1.340000000000145519e+01 2.880039293329722874e-02
1.359999999999854481e+01 3.177037221055463434e-02
1.379999999999927240e+01 2.870926624238738165e-02
1.400000000000000000e+01 3.090049213630975330e-02
1.420000000000072760e+01 3.280899803008708454e-02
1.440000000000145519e+01 2.129893827424114011e-02
1.459999999999854481e+01 2.000632635965857858e-02
1.479999999999927240e+01 1.792068663275568283e-02
1.500000000000000000e+01 8.095958358697008181e-03
1.520000000000072760e+01 3.264544503966820832e-03
1.540000000000145519e+01 0.000000000000000000e+00
1.559999999999854481e+01 1.652368699672441329e-04
1.579999999999927240e+01 0.000000000000000000e+00
1.600000000000000000e+01 6.553336285977917879e-04
1.620000000000072760e+01 0.000000000000000000e+00
1.640000000000145519e+01 0.000000000000000000e+00
1.659999999999854481e+01 9.345284468403314000e-05
1.679999999999927240e+01 3.283187106550818020e-05
1.700000000000000000e+01 0.000000000000000000e+00
1.720000000000072760e+01 0.000000000000000000e+00
1.740000000000145519e+01 0.000000000000000000e+00
1.759999999999854481e+01 1.798641311985954561e-03
1.779999999999927240e+01 0.000000000000000000e+00
1.800000000000000000e+01 0.000000000000000000e+00
1.820000000000072760e+01 0.000000000000000000e+00
1.840000000000145519e+01 0.000000000000000000e+00
1.859999999999854481e+01 0.000000000000000000e+00
1.879999999999927240e+01 0.000000000000000000e+00
1.900000000000000000e+01 0.000000000000000000e+00
1.920000000000072760e+01 0.000000000000000000e+00
1.940000000000145519e+01 0.000000000000000000e+00
1.959999999999854481e+01 0.000000000000000000e+00
1.979999999999927240e+01 0.000000000000000000e+00
2.000000000000000000e+01 0.000000000000000000e+00
2.020000000000072760e+01 0.000000000000000000e+00
2.040000000000145519e+01 0.000000000000000000e+00
2.059999999999854481e+01 0.000000000000000000e+00
2.079999999999927240e+01 0.000000000000000000e+00
2.100000000000000000e+01 0.000000000000000000e+00
2.120000000000072760e+01 0.000000000000000000e+00
2.140000000000145519e+01 0.000000000000000000e+00
2.159999999999854481e+01 0.000000000000000000e+00
2.179999999999927240e+01 0.000000000000000000e+00
2.200000000000000000e+01 0.000000000000000000e+00
2.220000000000072760e+01 0.000000000000000000e+00
2.240000000000145519e+01 0.000000000000000000e+00
2.259999999999854481e+01 0.000000000000000000e+00
2.279999999999927240e+01 0.000000000000000000e+00
2.300000000000000000e+01 0.000000000000000000e+00
2.320000000000072760e+01 0.000000000000000000e+00
2.340000000000145519e+01 0.000000000000000000e+00
2.359999999999854481e+01 0.000000000000000000e+00
2.379999999999927240e+01 0.000000000000000000e+00
2.400000000000000000e+01 0.000000000000000000e+00
2.420000000000072760e+01 0.000000000000000000e+00
2.440000000000145519e+01 0.000000000000000000e+00
2.459999999999854481e+01 0.000000000000000000e+00
2.479999999999927240e+01 0.000000000000000000e+00
2.500000000000000000e+01 0.000000000000000000e+00
2.520000000000072760e+01 0.000000000000000000e+00
2.540000000000145519e+01 0.000000000000000000e+00
2.559999999999854481e+01 0.000000000000000000e+00
2.579999999999927240e+01 0.000000000000000000e+00
2.600000000000000000e+01 0.000000000000000000e+00
2.620000000000072760e+01 0.000000000000000000e+00
2.640000000000145519e+01 0.000000000000000000e+00
2.659999999999854481e+01 0.000000000000000000e+00
2.679999999999927240e+01 0.000000000000000000e+00
2.700000000000000000e+01 0.000000000000000000e+00
2.720000000000072760e+01 0.000000000000000000e+00
2.740000000000145519e+01 0.000000000000000000e+00
2.759999999999854481e+01 0.000000000000000000e+00
2.779999999999927240e+01 0.000000000000000000e+00
2.800000000000000000e+01 0.000000000000000000e+00
2.820000000000072760e+01 0.000000000000000000e+00
2.840000000000145519e+01 0.000000000000000000e+00
2.859999999999854481e+01 0.000000000000000000e+00
2.879999999999927240e+01 0.000000000000000000e+00
2.900000000000000000e+01 0.000000000000000000e+00
2.920000000000072760e+01 0.000000000000000000e+00
2.940000000000145519e+01 0.000000000000000000e+00
2.959999999999854481e+01 0.000000000000000000e+00
2.979999999999927240e+01 0.000000000000000000e+00
3.000000000000000000e+01 0.000000000000000000e+00
3.020000000000072760e+01 0.000000000000000000e+00
3.040000000000145519e+01 0.000000000000000000e+00
3.059999999999854481e+01 0.000000000000000000e+00
3.079999999999927240e+01 0.000000000000000000e+00
3.100000000000000000e+01 0.000000000000000000e+00
3.120000000000072760e+01 0.000000000000000000e+00
3.140000000000145519e+01 0.000000000000000000e+00
3.159999999999854481e+01 0.000000000000000000e+00
3.179999999999927240e+01 0.000000000000000000e+00
3.200000000000000000e+01 0.000000000000000000e+00
3.220000000000072760e+01 0.000000000000000000e+00
3.240000000000145519e+01 0.000000000000000000e+00
3.259999999999854481e+01 0.000000000000000000e+00
3.279999999999927240e+01 0.000000000000000000e+00
3.300000000000000000e+01 0.000000000000000000e+00
3.320000000000072760e+01 0.000000000000000000e+00
3.340000000000145519e+01 0.000000000000000000e+00
3.359999999999854481e+01 0.000000000000000000e+00
3.379999999999927240e+01 0.000000000000000000e+00
3.400000000000000000e+01 0.000000000000000000e+00
3.420000000000072760e+01 0.000000000000000000e+00
3.440000000000145519e+01 0.000000000000000000e+00
3.459999999999854481e+01 0.000000000000000000e+00
3.479999999999927240e+01 0.000000000000000000e+00
3.500000000000000000e+01 0.000000000000000000e+00
3.520000000000072760e+01 0.000000000000000000e+00
3.540000000000145519e+01 0.000000000000000000e+00
3.559999999999854481e+01 0.000000000000000000e+00
3.579999999999927240e+01 0.000000000000000000e+00
3.600000000000000000e+01 0.000000000000000000e+00
3.620000000000072760e+01 0.000000000000000000e+00
3.640000000000145519e+01 0.000000000000000000e+00
3.659999999999854481e+01 0.000000000000000000e+00
3.679999999999927240e+01 0.000000000000000000e+00
3.700000000000000000e+01 0.000000000000000000e+00
3.720000000000072760e+01 0.000000000000000000e+00
3.740000000000145519e+01 0.000000000000000000e+00
3.759999999999854481e+01 0.000000000000000000e+00
3.779999999999927240e+01 0.000000000000000000e+00
3.800000000000000000e+01 0.000000000000000000e+00
3.820000000000072760e+01 0.000000000000000000e+00
3.840000000000145519e+01 0.000000000000000000e+00
3.859999999999854481e+01 0.000000000000000000e+00
3.879999999999927240e+01 0.000000000000000000e+00
3.900000000000000000e+01 0.000000000000000000e+00
3.920000000000072760e+01 0.000000000000000000e+00
3.940000000000145519e+01 0.000000000000000000e+00
3.959999999999854481e+01 0.000000000000000000e+00
3.979999999999927240e+01 0.000000000000000000e+00
4.000000000000000000e+01 0.000000000000000000e+00
4.020000000000072760e+01 0.000000000000000000e+00
4.040000000000145519e+01 0.000000000000000000e+00
4.059999999999854481e+01 0.000000000000000000e+00
4.079999999999927240e+01 0.000000000000000000e+00
4.100000000000000000e+01 0.000000000000000000e+00
4.120000000000072760e+01 0.000000000000000000e+00
4.140000000000145519e+01 0.000000000000000000e+00
4.159999999999854481e+01 0.000000000000000000e+00
4.179999999999927240e+01 0.000000000000000000e+00
4.200000000000000000e+01 0.000000000000000000e+00
4.220000000000072760e+01 0.000000000000000000e+00
4.240000000000145519e+01 0.000000000000000000e+00
4.259999999999854481e+01 0.000000000000000000e+00
4.279999999999927240e+01 0.000000000000000000e+00
4.300000000000000000e+01 0.000000000000000000e+00
4.320000000000072760e+01 0.000000000000000000e+00
4.340000000000145519e+01 0.000000000000000000e+00
4.359999999999854481e+01 0.000000000000000000e+00
4.379999999999927240e+01 0.000000000000000000e+00
4.400000000000000000e+01 0.000000000000000000e+00
4.420000000000072760e+01 0.000000000000000000e+00
4.440000000000145519e+01 0.000000000000000000e+00
4.459999999999854481e+01 0.000000000000000000e+00
4.479999999999927240e+01 0.000000000000000000e+00
4.500000000000000000e+01 0.000000000000000000e+00
4.520000000000072760e+01 0.000000000000000000e+00
4.540000000000145519e+01 0.000000000000000000e+00
4.559999999999854481e+01 0.000000000000000000e+00
4.579999999999927240e+01 0.000000000000000000e+00
4.600000000000000000e+01 0.000000000000000000e+00
4.620000000000072760e+01 0.000000000000000000e+00
4.640000000000145519e+01 0.000000000000000000e+00
4.659999999999854481e+01 0.000000000000000000e+00
4.679999999999927240e+01 0.000000000000000000e+00
4.700000000000000000e+01 0.000000000000000000e+00
4.720000000000072760e+01 0.000000000000000000e+00
4.740000000000145519e+01 0.000000000000000000e+00
4.759999999999854481e+01 0.000000000000000000e+00
4.779999999999927240e+01 0.000000000000000000e+00
4.800000000000000000e+01 0.000000000000000000e+00
4.820000000000072760e+01 0.000000000000000000e+00
4.840000000000145519e+01 0.000000000000000000e+00
4.859999999999854481e+01 0.000000000000000000e+00
4.879999999999927240e+01 0.000000000000000000e+00
4.900000000000000000e+01 0.000000000000000000e+00
4.920000000000072760e+01 0.000000000000000000e+00
4.940000000000145519e+01 0.000000000000000000e+00
4.959999999999854481e+01 0.000000000000000000e+00
4.979999999999927240e+01 0.000000000000000000e+00
5.000000000000000000e+01 0.000000000000000000e+00
5.020000000000072760e+01 0.000000000000000000e+00
5.040000000000145519e+01 0.000000000000000000e+00
5.059999999999854481e+01 0.000000000000000000e+00
5.079999999999927240e+01 0.000000000000000000e+00
5.100000000000000000e+01 0.000000000000000000e+00
5.120000000000072760e+01 0.000000000000000000e+00
5.140000000000145519e+01 0.000000000000000000e+00
5.159999999999854481e+01 0.000000000000000000e+00
5.179999999999927240e+01 0.000000000000000000e+00
5.200000000000000000e+01 0.000000000000000000e+00
5.220000000000072760e+01 0.000000000000000000e+00
5.240000000000145519e+01 0.000000000000000000e+00
5.259999999999854481e+01 0.000000000000000000e+00
5.279999999999927240e+01 0.000000000000000000e+00
5.300000000000000000e+01 0.000000000000000000e+00
5.320000000000072760e+01 0.000000000000000000e+00
5.340000000000145519e+01 0.000000000000000000e+00
5.359999999999854481e+01 0.000000000000000000e+00
5.379999999999927240e+01 0.000000000000000000e+00
5.400000000000000000e+01 0.000000000000000000e+00
5.420000000000072760e+01 0.000000000000000000e+00
5.440000000000145519e+01 0.000000000000000000e+00
5.459999999999854481e+01 0.000000000000000000e+00
5.479999999999927240e+01 0.000000000000000000e+00
5.500000000000000000e+01 0.000000000000000000e+00
5.520000000000072760e+01 0.000000000000000000e+00
5.540000000000145519e+01 0.000000000000000000e+00
5.559999999999854481e+01 0.000000000000000000e+00
5.579999999999927240e+01 0.000000000000000000e+00
5.600000000000000000e+01 0.000000000000000000e+00
5.620000000000072760e+01 0.000000000000000000e+00
5.640000000000145519e+01 0.000000000000000000e+00
5.659999999999854481e+01 0.000000000000000000e+00
5.679999999999927240e+01 0.000000000000000000e+00
5.700000000000000000e+01 0.000000000000000000e+00
5.720000000000072760e+01 0.000000000000000000e+00
5.740000000000145519e+01 0.000000000000000000e+00
5.759999999999854481e+01 0.000000000000000000e+00
5.779999999999927240e+01 0.000000000000000000e+00
5.800000000000000000e+01 0.000000000000000000e+00
5.820000000000072760e+01 7.851068869822172081e-05
5.840000000000145519e+01 0.000000000000000000e+00
5.859999999999854481e+01 0.000000000000000000e+00
5.879999999999927240e+01 1.159490828582356373e-03
5.900000000000000000e+01 0.000000000000000000e+00
5.920000000000072760e+01 0.000000000000000000e+00
5.940000000000145519e+01 3.926369000857293378e-04
5.959999999999854481e+01 2.612402056371671000e-03
5.979999999999927240e+01 1.717470485938434911e-03
6.000000000000000000e+01 7.033285698236363057e-03
6.020000000000072760e+01 1.020542520879357809e-03
6.040000000000145519e+01 9.602790494272778893e-04
6.059999999999854481e+01 8.000267599732241441e-03
6.079999999999927240e+01 1.694953227516035653e-03
6.100000000000000000e+01 2.851764091671918008e-03
6.120000000000072760e+01 1.363483771569070149e-02
6.140000000000145519e+01 1.347360161704685977e-02
6.159999999999854481e+01 3.830383085380829715e-03
6.179999999999927240e+01 1.214902866306525123e-02
6.200000000000000000e+01 1.813153145674566494e-02
6.220000000000072760e+01 2.086088483126441809e-02
6.240000000000145519e+01 2.662581362108266264e-02
6.259999999999854481e+01 2.312958365385680767e-02
6.279999999999927240e+01 2.122883948266474086e-02
6.300000000000000000e+01 4.441454372519385019e-02
6.320000000000072760e+01 4.834981440256562457e-02
6.340000000000145519e+01 5.779528236942756136e-02
6.359999999999854481e+01 9.314127482234972610e-02
6.379999999999927240e+01 1.383684803173100830e-01
6.400000000000000000e+01 1.285198569641450017e-01
6.420000000000072760e+01 2.721263073502733776e-01
6.440000000000145519e+01 2.771575640475666402e-01
6.459999999999854481e+01 3.467465104626068495e-01
6.479999999999927240e+01 4.972542231186915518e-01
6.500000000000000000e+01 4.400788988634886101e-01
6.520000000000072760e+01 6.990840578108814540e-01
6.540000000000145519e+01 6.939867746019955375e-01
6.559999999999854481e+01 8.343548012123026547e-01
6.579999999999927240e+01 9.664295433442587901e-01
6.600000000000000000e+01 1.000000000000000000e+00
6.620000000000072760e+01 9.001707848710946980e-01
6.640000000000145519e+01 9.352993886780788246e-01
6.659999999999854481e+01 9.067440440213978547e-01
6.679999999999927240e+01 5.733208357246570852e-01
6.700000000000000000e+01 6.402040930635912730e-01
6.720000000000072760e+01 3.527033272263400687e-01
6.740000000000145519e+01 2.569198684483491313e-01
6.759999999999854481e+01 1.620691823570555024e-01
6.779999999999927240e+01 1.123374668947606653e-01
6.800000000000000000e+01 6.208225011816675271e-02
6.820000000000072760e+01 3.462113298703215630e-02
6.840000000000145519e+01 1.541787784290873063e-02
6.859999999999854481e+01 1.241875893833931620e-02
6.879999999999927240e+01 1.962099811039159957e-04
6.900000000000000000e+01 1.991095975516611952e-03
6.920000000000072760e+01 9.422213584104451251e-04
6.940000000000145519e+01 1.608508036486171021e-05
6.959999999999854481e+01 0.000000000000000000e+00
6.979999999999927240e+01 0.000000000000000000e+00
7.000000000000000000e+01 0.000000000000000000e+00
7.020000000000072760e+01 0.000000000000000000e+00
7.040000000000145519e+01 0.000000000000000000e+00
7.059999999999854481e+01 0.000000000000000000e+00
7.079999999999927240e+01 0.000000000000000000e+00
7.100000000000000000e+01 0.000000000000000000e+00
7.120000000000072760e+01 0.000000000000000000e+00
7.140000000000145519e+01 0.000000000000000000e+00
7.159999999999854481e+01 0.000000000000000000e+00
7.179999999999927240e+01 0.000000000000000000e+00
7.200000000000000000e+01 0.000000000000000000e+00
7.220000000000072760e+01 0.000000000000000000e+00
7.240000000000145519e+01 0.000000000000000000e+00
7.259999999999854481e+01 0.000000000000000000e+00
7.279999999999927240e+01 0.000000000000000000e+00
7.300000000000000000e+01 0.000000000000000000e+00
7.320000000000072760e+01 0.000000000000000000e+00
7.340000000000145519e+01 0.000000000000000000e+00
7.359999999999854481e+01 0.000000000000000000e+00
7.379999999999927240e+01 0.000000000000000000e+00
7.400000000000000000e+01 0.000000000000000000e+00
7.420000000000072760e+01 0.000000000000000000e+00
7.440000000000145519e+01 0.000000000000000000e+00
7.459999999999854481e+01 0.000000000000000000e+00
7.479999999999927240e+01 0.000000000000000000e+00
7.500000000000000000e+01 0.000000000000000000e+00
7.520000000000072760e+01 0.000000000000000000e+00
7.540000000000145519e+01 0.000000000000000000e+00
7.559999999999854481e+01 0.000000000000000000e+00
7.579999999999927240e+01 0.000000000000000000e+00
7.600000000000000000e+01 0.000000000000000000e+00
7.620000000000072760e+01 0.000000000000000000e+00
7.640000000000145519e+01 0.000000000000000000e+00
7.659999999999854481e+01 0.000000000000000000e+00
7.679999999999927240e+01 0.000000000000000000e+00
7.700000000000000000e+01 0.000000000000000000e+00
7.720000000000072760e+01 0.000000000000000000e+00
7.740000000000145519e+01 0.000000000000000000e+00
7.759999999999854481e+01 0.000000000000000000e+00
7.779999999999927240e+01 0.000000000000000000e+00
7.800000000000000000e+01 0.000000000000000000e+00
7.820000000000072760e+01 0.000000000000000000e+00
7.840000000000145519e+01 0.000000000000000000e+00
7.859999999999854481e+01 0.000000000000000000e+00
7.879999999999927240e+01 0.000000000000000000e+00
7.900000000000000000e+01 0.000000000000000000e+00
7.920000000000072760e+01 0.000000000000000000e+00
7.940000000000145519e+01 0.000000000000000000e+00
7.959999999999854481e+01 0.000000000000000000e+00
7.979999999999927240e+01 0.000000000000000000e+00
