1	0.397823909185583
2	0.666182206494594
3	0.728881210283008
4	0.677178453857685
5	0.533075561568728
6	0.384917262528333
7	0.280847530145694
8	0.280091884613343
9	0.206856720164162
10	0.317264005756056
11	0.475818314144223
12	0.533748910724642
13	0.655646045833826
14	0.6617428735685
15	0.494139291219005
16	0.268958544592985
17	0.202600229970129
18	0.150617143112852
19	0.314147040925759
20	0.448253059902364
21	0.559065571035175
22	0.662605145693319
23	0.654284072780657
24	0.600881157933651
25	0.499809566240538
26	0.335018260267393
27	0.162359878578412
28	0.223245980041215
29	0.260174335590924
30	0.450352372896773
31	0.705785736494733
32	0.761952193136795
33	0.675633665878417
34	0.542527020952552
35	0.397833048078157
36	0.252514451360487
37	0.205190086463007
38	0.145330794265973
39	0.334088957238825
40	0.491439749477929
41	0.562752326353302
42	0.753378234275863
43	0.734856164489834
44	0.503045373748915
45	0.26589640384948
46	0.168706561411588
47	0.100617603764942
48	0.257651519270449
49	0.394606379462354
50	0.59903169076909
51	0.708000842780146
52	0.658114019530202
53	0.590238361411762
54	0.495662733488741
55	0.324634439199272
56	0.14394749404058
57	0.217283204845385
58	0.254406572869498
59	0.47409072050751
60	0.7360962547465
61	0.781494973414442
62	0.683290519259085
63	0.511969715526665
64	0.359125287117403
65	0.244787517688994
66	0.209336891408842
67	0.174309805529371
68	0.39700125128679
69	0.522179879098568
70	0.613114446166334
71	0.787354162136226
72	0.749712824667269
73	0.505047180506123
74	0.275823196871006
75	0.17881616009056
76	0.10323489547285
77	0.260424190689426
78	0.406638574983789
79	0.62837328249761
80	0.761394609465924
81	0.754097305700609
82	0.698415303051517
83	0.544958457615939
84	0.292331271620178
85	0.0969369564896213
86	0.152189347769842
87	0.184803321114344
88	0.420632963036405
89	0.646197626568425
90	0.762333051387066
91	0.744746383403756
92	0.606057821532332
93	0.416382525273255
94	0.266984145244846
95	0.203258341459317
96	0.192981184058279
97	0.438792452357312
98	0.538495990760413
99	0.702488996856758
100	0.892938197896027
101	0.823563455529843
102	0.560854096801486
103	0.310393263972537
104	0.162183171695118
105	0.101958249645887
106	0.287788342951384
107	0.370861933077465
108	0.61429053636902
109	0.72030114337927
110	0.72264421269803
111	0.712583367137658
112	0.581700948852473
113	0.293482994532217
114	0.0869462004887288
115	0.148179635481274
116	0.215948657738593
117	0.498228222690973
118	0.700328751732751
119	0.803865295541127
120	0.771409751294771
121	0.635838182059605
122	0.439148934048282
123	0.284034575266816
124	0.162527455837785
125	0.154971167350048
126	0.407570918130779
127	0.476296678631695
128	0.623964434173622
129	0.786455325172457
130	0.738597734626098
131	0.51604341860056
132	0.330764782385821
133	0.175074571416988
134	0.0819157591712355
135	0.196152991512675
136	0.330773939815702
137	0.620344728296553
138	0.750060176734318
139	0.757387946564431
140	0.764283064907251
141	0.630978385925868
142	0.32043277309203
143	0.136973147245707
144	0.134297972795278
145	0.168660866948717
146	0.465096289170281
147	0.647050750532016
148	0.753018712466471
149	0.701413453009696
150	0.551914517357009
151	0.37843955800608
152	0.27955563738335
153	0.169005160360037
154	0.128950673281495
155	0.352205792215284
156	0.444484036013762
157	0.667952454475756
158	0.848618072462223
159	0.799928685124498
160	0.53642104505665
161	0.326419934115814
162	0.180982503988719
163	0.153408101585631
164	0.28803514866281
165	0.360371466879569
166	0.654792921870236
167	0.783265230664258
168	0.774773521836494
169	0.712306095361434
170	0.52819747838119
171	0.246323157507034
172	0.0970253238342486
173	0.104030127425266
174	0.144291796720554
175	0.440474332993847
176	0.631822370996885
177	0.740654411813366
178	0.666575253024514
179	0.529468053239963
180	0.393859900628539
181	0.286856009073048
182	0.129398571704168
183	0.143054755850963
184	0.322903823981444
185	0.404728166420976
186	0.697437246904348
187	0.888605528637017
188	0.825650570975948
189	0.577621165541733
190	0.374883833645684
191	0.171406112421318
192	0.103917383521338
193	0.209175422192275
194	0.314244537894307
195	0.578839919357522
196	0.684685989226821
197	0.761345865615977
198	0.801263222962637
199	0.627224590435339
200	0.271240653976187
201	0.119340784799527
202	0.102823561889127
203	0.156019285250734
204	0.494660310050926
205	0.701285480707696
206	0.805367401369985
207	0.700481109862706
208	0.59647230034101
209	0.433539618962309
210	0.289564689706699
211	0.110264066354515
212	0.133508821079707
213	0.294793165079709
214	0.402135251272368
215	0.709167784821604
216	0.90983322966962
217	0.85134504941833
218	0.522508925574509
219	0.333424737706832
220	0.136491751908467
221	0.0976377408605653
222	0.196454630579546
223	0.337659919265948
224	0.665076178045425
225	0.764724864555773
226	0.833081955086069
227	0.860970184835678
228	0.696258098045932
229	0.351017504464294
230	0.222112544182977
231	0.13395671950238
232	0.137055415816183
233	0.424871193982597
234	0.63754749791117
235	0.781622954985096
236	0.691178940684453
237	0.60795909120257
238	0.50230802453902
239	0.381778951988503
240	0.136302828939562
241	0.111650397429676
242	0.245506579845086
243	0.342556289507289
244	0.697077706557648
245	0.912767388842472
246	0.873386287994459
247	0.556762115942442
248	0.323485774942962
249	0.114727766571255
250	0.106424989981049
251	0.195970176586576
252	0.378920962611975
253	0.670258949686911
254	0.764051515399858
255	0.865692869774841
256	0.891292882098442
257	0.699801634126679
258	0.296344024027168
259	0.155382500933771
260	0.0684698251655702
261	0.120312723635236
262	0.434075856923648
263	0.621551284564038
264	0.792619174542226
265	0.800821432582769
266	0.749737191957915
267	0.596493636781888
268	0.403445431088514
269	0.135739165031846
270	0.161838850477837
271	0.264507032655895
272	0.335009112106165
273	0.707013629203096
274	0.885522051452633
275	0.82967553946855
276	0.577051402859865
277	0.388945261870703
278	0.163938163472247
279	0.118073268596483
280	0.147442286271379
281	0.314278044077528
282	0.595369321278918
283	0.630152687908654
284	0.767098399939331
285	0.824069255232345
286	0.64103923148624
287	0.28535084458846
288	0.146135165110963
289	0.0323854546868773
290	0.0917602836222871
291	0.37512758070138
292	0.631045407560964
293	0.863709350071434
294	0.837204411278565
295	0.757887647492782
296	0.574967308994874
297	0.408052332005327
298	0.138862228636295
299	0.162311134728465
300	0.236865599349059
301	0.340883547763328
302	0.705871063720938
303	0.850897141727003
304	0.814008391134666
305	0.574281753022003
306	0.411842664528846
307	0.217127815865663
308	0.163627394781455
309	0.159754784418807
310	0.332772706454488
311	0.57343471856391
312	0.612913344186432
313	0.760776084396802
314	0.841064805555601
315	0.661249271414302
316	0.30401001630041
317	0.158423295967745
318	0.0440794370338365
319	0.153310604617083
320	0.420026626246933
321	0.610530679178954
322	0.843295149507741
323	0.824645098151057
324	0.705392689964812
325	0.570329942013263
326	0.391803232709924
327	0.0820620185270378
328	0.0835824206783516
329	0.159121021682959
330	0.276158342121098
331	0.596161503844257
332	0.757357480499633
333	0.782732023552687
334	0.622578084561153
335	0.449642449633255
336	0.237441460805079
337	0.204544144716162
338	0.161662152863198
339	0.341255248583717
340	0.596959794452403
341	0.653433998204143
342	0.827725516679712
343	0.868617899323772
344	0.689497041510611
345	0.356776146830453
346	0.199781827013666
347	0.0746519801264494
348	0.157390406465131
349	0.35775723382739
350	0.560503704616014
351	0.784998923075124
352	0.708448722665512
353	0.629448835613326
354	0.554108277932891
355	0.409722024362211
356	0.13787199347813
357	0.134687979206777
358	0.225832787147017
359	0.372924690501578
360	0.713348142293929
361	0.843353032250262
362	0.855903197216542
363	0.661477790071926
364	0.496595104441693
365	0.308342694828075
366	0.231500022050127
367	0.140574584606283
368	0.274954816703382
369	0.494465306845177
370	0.567797968262906
371	0.72855214526976
372	0.767223322854255
373	0.649780776875198
374	0.350042497704201
375	0.239080687097165
376	0.106178193538277
377	0.163764496707376
378	0.354646358502591
379	0.569080722132676
380	0.832341575026406
381	0.855123193662198
382	0.833011884063897
383	0.700432338206797
384	0.465915897681997
385	0.147423989948924
386	0.142850613752639
387	0.132643518105119
388	0.276073033432201
389	0.60253561262381
390	0.785882503834859
391	0.8315676331716
392	0.682577537339837
393	0.491442789596351
394	0.29260244462225
395	0.188977561275209
396	0.0686739672638938
397	0.222478164766522
398	0.448783208358205
399	0.582511418471615
400	0.905619384551382
401	0.974655923011744
402	0.741029162020831
403	0.429243477467634
404	0.263111544150852
405	0.108012432304766
406	0.20561360832638
407	0.351462353499891
408	0.55360857700454
409	0.809587345262375
410	0.826689568521368
411	0.811583071782739
412	0.700624292025471
413	0.432975936517285
414	0.13466361191613
415	0.154114984730727
416	0.161055797536418
417	0.272419812103256
418	0.580905716900057
419	0.709158655197684
420	0.788496746155692
421	0.745876779143572
422	0.636938111734622
423	0.434395773775668
424	0.268681263548107
425	0.133298598744539
426	0.28990289361252
427	0.425602453686993
428	0.500885119356254
429	0.752653082614273
430	0.810208919718573
431	0.655380971605906
432	0.412241809832918
433	0.268824482785487
434	0.101278792447167
435	0.163213002542002
436	0.264485696215017
437	0.401730035000105
438	0.612203420922914
439	0.707775354972291
440	0.823935184156193
441	0.783941647744555
442	0.504449982609225
443	0.223806603830508
444	0.195059151343157
445	0.118600376933902
446	0.308939883456319
447	0.624680437673985
448	0.728774555884578
449	0.809383212432705
450	0.766568242214836
451	0.652641806370149
452	0.428167942889225
453	0.22074448162431
454	0.0688110784584679
455	0.214732962578534
456	0.356483637387502
457	0.517368826814779
458	0.825382456629606
459	0.828532936911778
460	0.633976526615393
461	0.4395785361485
462	0.312565697376195
463	0.159249012522266
464	0.212450825389371
465	0.267142602148952
466	0.487043061627631
467	0.683171685849659
468	0.719222550145131
469	0.822975405794173
470	0.741635508078957
471	0.456781315031771
472	0.18661927282703
473	0.142457567222719
474	0.107031326770521
475	0.313805787632861
476	0.599863487560456
477	0.680490412625078
478	0.755038797008827
479	0.69720264800988
480	0.594644169617327
481	0.468240670678301
482	0.315143374858076
483	0.140352164722811
484	0.239568190477211
485	0.281106496330809
486	0.430760839500526
487	0.754115592754412
488	0.805263805627285
489	0.679320421196543
490	0.508462753553523
491	0.375913683029875
492	0.225982095889895
493	0.243379859441608
494	0.267575244367592
495	0.42510274348999
496	0.586411454780639
497	0.626069836673531
498	0.771080686281523
499	0.766159958018189
500	0.519897732640752
501	0.25339805065753
502	0.198694094886953
503	0.128036617188307
504	0.269586199286028
505	0.467061540357192
506	0.581317041215126
507	0.708153173104139
508	0.655469329681879
509	0.567106322784536
510	0.507966102012249
511	0.381300596769685
512	0.185010494062436
513	0.25159733661157
514	0.329826359001986
515	0.475233313795629
516	0.793999425380544
517	0.831637731999732
518	0.758917496876973
519	0.609247934577838
520	0.425401342438439
521	0.28672194726555
522	0.281825577024209
523	0.219239307871069
524	0.367988706034211
525	0.4788225536079
526	0.4880698708934
527	0.65396719604706
528	0.713396876875222
529	0.543843290274196
530	0.332864113917538
531	0.268340010255209
532	0.189797169786925
533	0.3186351177018
534	0.481397163165399
535	0.60362336328783
536	0.762183751912841
537	0.709317093564483
538	0.633114245221921
539	0.58330057945584
540	0.403283934065986
541	0.196628306613071
542	0.256167681958085
543	0.279610489276103
544	0.412113846799572
545	0.659990903372487
546	0.700922900242573
547	0.661258428844184
548	0.518514450952666
549	0.397857415368803
550	0.302708993914146
551	0.312998348863488
552	0.227584748074377
553	0.354524484974743
554	0.509288460839391
555	0.58295016873306
556	0.800422287278696
557	0.824687752495506
558	0.639009989514001
559	0.450992215869466
560	0.354036972326043
561	0.228635943168101
562	0.351166794669864
563	0.443192180326033
564	0.523337682247453
565	0.621420272143615
566	0.561792547991281
567	0.553209440969121
568	0.560208155054641
569	0.405307077264072
570	0.224988811344654
571	0.260631372906172
572	0.229470798615196
573	0.343071209565058
574	0.586981217462507
575	0.646773488024445
576	0.657629565537232
577	0.626054589738151
578	0.531028051079995
579	0.454855678070886
580	0.384774052559606
581	0.269138310132009
582	0.391245649039053
583	0.468277263323212
584	0.526171295064681
585	0.74357029320107
586	0.757296548370036
587	0.59690800121538
588	0.447387738390469
589	0.323016540079411
590	0.22001321265126
591	0.30493322982348
592	0.356282526138947
593	0.453466306877302
594	0.581137284944757
595	0.588215218213676
596	0.681757938096775
597	0.683909035059554
598	0.477823170288507
599	0.314844766640973
600	0.292224626490402
601	0.224080835488311
602	0.385544926490029
603	0.630301968845571
604	0.688561648976545
605	0.717059255634048
606	0.638769282576727
607	0.511796048761794
608	0.44263762750493
609	0.35764144980504
610	0.227432417750384
611	0.304753464284457
612	0.362988758587477
613	0.430989358158149
614	0.661733734675926
615	0.651090928885383
616	0.529276090152636
617	0.444447489712119
618	0.354073546433647
619	0.272809809246101
620	0.360776710957794
621	0.386879464328168
622	0.499060028750993
623	0.594997611189875
624	0.594982373523149
625	0.6803898570008
626	0.695395825921113
627	0.508432278220071
628	0.378841752697229
629	0.342016983621566
630	0.24995810105083
631	0.38593797301995
632	0.543157734301324
633	0.561944887583928
634	0.600975605515123
635	0.559577450974522
636	0.485930962210271
637	0.451939805951836
638	0.383360286269415
639	0.27247160534028
640	0.326812980645735
641	0.328366898248923
642	0.411940170766047
643	0.639442650269949
644	0.665283378799478
645	0.605421027946715
646	0.577215930732162
647	0.433317180541529
648	0.33931438322476
649	0.384201240490662
650	0.348150385463844
651	0.419344128929791
652	0.527347385267367
653	0.520065319168779
654	0.628461640573584
655	0.640304931663421
656	0.476375888546441
657	0.385971488471825
658	0.337662977921677
659	0.255677129190963
660	0.386733204972366
661	0.482640312077795
662	0.480943203043188
663	0.562874181343842
664	0.554327666966594
665	0.511841752493319
666	0.519001963601366
667	0.44913666846806
668	0.337659919265948
669	0.389755731489845
670	0.40046554964683
671	0.497158768349409
672	0.673403340463585
673	0.63168525980231
674	0.568517039687652
675	0.523621043529176
676	0.384192101598088
677	0.347921857537567
678	0.400611809002632
679	0.341233930680147
680	0.35571276345708
681	0.419554351264959
682	0.432421383696182
683	0.53667698966065
684	0.568523138461804
685	0.468140133591331
686	0.435160548931939
687	0.393838573456314
688	0.326968369625458
689	0.445867336239155
690	0.494885788590128
691	0.478386843464877
692	0.54656416845615
693	0.547246665773292
694	0.548666530837636
695	0.595025027867598
696	0.522969003008179
697	0.414316736999374
698	0.423439159175911
699	0.385578441941904
700	0.446104993789353
701	0.562691375686397
702	0.499245902332822
703	0.464864721125581
704	0.43505392233947
705	0.369167873429934
706	0.412744541611037
707	0.462890340314749
708	0.397732483185225
709	0.448594313195262
710	0.498944244728643
711	0.513002614297933
712	0.666060332966745
713	0.658692930373298
714	0.550247865118547
715	0.493142966555342
716	0.416068716464041
717	0.357077776628671
718	0.456107956607203
719	0.46868248886413
720	0.447265855593967
721	0.481564758962079
722	0.442259818641736
723	0.485443449561571
724	0.555086324811406
725	0.480982817269215
726	0.399828746792559
727	0.418637255053349
728	0.344235111488094
729	0.419103412723863
730	0.545842047644328
731	0.514489510266026
732	0.500930813819125
733	0.499090504084445
734	0.460151175078993
735	0.530726412013124
736	0.565083198123757
737	0.470352181221014
738	0.497155709693679
739	0.486269175384747
740	0.451306033947334
741	0.560969880823835
742	0.560579892949645
743	0.456586321094675
744	0.426732849426809
745	0.372351869163981
746	0.375608994575928
747	0.475364344753359
748	0.459998844755
749	0.430355604690955
750	0.486881601679717
751	0.468831788338354
752	0.538602626621534
753	0.62144159931584
754	0.530510072366497
755	0.488149099345453
756	0.500662680935475
757	0.408945070194944
758	0.475391752162428
759	0.526908653543229
760	0.459176177587554
761	0.460672193910913
762	0.484745714577703
763	0.47609862603887
764	0.587148803990533
765	0.581542519754328
766	0.49175357682445
767	0.516165292128409
768	0.446507188480502
769	0.395139595842579
770	0.492816941660517
771	0.494706013782451
772	0.423704224135177
773	0.476025496360969
774	0.462649633377475
775	0.504724204998373
776	0.567219066688464
777	0.480282014360963
778	0.472162043428203
779	0.47187868214648
780	0.41877129832354
781	0.467283960240664
782	0.543057178677047
783	0.46164720993966
784	0.471382049142513
785	0.47137898121813
786	0.420806629801276
787	0.485876110317519
788	0.505909443362288
789	0.435105697039186
790	0.458709992111078
791	0.463844019902617
792	0.463880575472914
793	0.598437551527922
794	0.565101475908906
795	0.491448897639157
796	0.503234268911858
797	0.440172693926976
798	0.428844332163561
799	0.486418456321664
800	0.462896439088901
801	0.438326285418144
802	0.485888307865823
803	0.45709210225987
804	0.560707846714337
805	0.626484219644329
806	0.546000476742473
807	0.524056753672199
808	0.497774244031455
809	0.408497181040924
810	0.447186645679221
811	0.499096593589944
812	0.453944671364774
813	0.497883920010999
814	0.489404418000193
815	0.480199755059142
816	0.549160105185873
817	0.500732779763607
818	0.401666044214778
819	0.398040239563556
820	0.373427422279697
821	0.392540581919819
822	0.54350813575545
823	0.537054807792498
824	0.537978021315568
825	0.528517404501863
826	0.456473567922094
827	0.454112239355493
828	0.496016175061289
829	0.423801730372379
830	0.431437247312169
831	0.511399952844797
832	0.486406277310667
833	0.606722050332979
834	0.661642327212876
835	0.538895126795832
836	0.475675122712804
837	0.411547105698819
838	0.340929232957546
839	0.385925775471646
840	0.434450634937074
841	0.409929215847611
842	0.502301916496214
843	0.512228709517741
844	0.528520463157593
845	0.597154806926806
846	0.530702035453824
847	0.394432712697483
848	0.3664317483126
849	0.34434175661787
850	0.361413523080718
851	0.492597561895467
852	0.499486600001442
853	0.53208837579764
854	0.572913718269297
855	0.516753341864079
856	0.513578475753953
857	0.503810148905186
858	0.377321350545915
859	0.343266212770807
860	0.38771431050661
861	0.364554855201662
862	0.525357776058463
863	0.632142306386212
864	0.577410915400604
865	0.534382673460491
866	0.460885484170465
867	0.392382162090328
868	0.40740029148433
869	0.393485122615113
870	0.385971479203171
871	0.515132402625795
872	0.543931639081516
873	0.632255041021486
874	0.751275881163031
875	0.645390197067706
876	0.458234686279336
877	0.382729582189296
878	0.313717429556888
879	0.31865643560537
880	0.44756140515534
881	0.457649676662088
882	0.541820147076109
883	0.583617446920784
884	0.534026182500867
885	0.552085134734804
886	0.494715161943679
887	0.308958179778775
888	0.246505981701787
889	0.306883243343665
890	0.325819696100494
891	0.514452945427075
892	0.623674983386402
893	0.591837973477821
894	0.575436543858426
895	0.507207416361476
896	0.43157740789382
897	0.43935002675953
898	0.376367680226701
899	0.331112143721524
900	0.445294514901558
901	0.423161878131032
902	0.536597761208597
903	0.683046762934735
904	0.597413782380575
905	0.453329195682728
906	0.41610831215276
907	0.349914534670854
908	0.313388346006333
909	0.392577146758769
910	0.408457566814898
911	0.540065136761673
912	0.606557522460682
913	0.602279686557117
914	0.71845777498886
915	0.643985578938742
916	0.383302403526893
917	0.274564828829191
918	0.284171695730044
919	0.275817088828201
920	0.486665252764436
921	0.629278218235531
922	0.674780541914826
923	0.679704338102544
924	0.573099573313818
925	0.48877982196288
926	0.438323236031068
927	0.307355518325639
928	0.202968899940749
929	0.310902103793462
930	0.362766338704005
931	0.540708029121442
932	0.739027355263623
933	0.683180834010887
934	0.532758675566477
935	0.43804901364192
936	0.329625247753431
937	0.29669747486837
938	0.376797300864226
939	0.3849507594429
940	0.551847467915953
941	0.618032134311245
942	0.628345875088541
943	0.724018364762195
944	0.625554916615762
945	0.400173058741187
946	0.29386689290091
947	0.277102882816392
948	0.243346343989733
949	0.414718931690523
950	0.532383916090359
951	0.640323209448569
952	0.69182792254972
953	0.595865972820192
954	0.569440243942068
955	0.523416901430852
956	0.325289529107345
957	0.186689334580548
958	0.255838616944838
959	0.272042003240062
960	0.461513138863508
961	0.701916175519161
962	0.754846852458808
963	0.70210204910099
964	0.574330515409257
965	0.417208241827777
966	0.333531373567954
967	0.315064155674677
968	0.253081164655279
969	0.414889567605625
970	0.521634474438693
971	0.586076290993239
972	0.76986498185281
973	0.720712476962993
974	0.516153103848758
975	0.366373865570079
976	0.295835202743551
977	0.252212812293616
978	0.425980262550188
979	0.493054589942061
980	0.617895023116671
981	0.679265569303791
982	0.61466226499537
983	0.619330116579087
984	0.559074728465057
985	0.352927913027106
986	0.193648443708695
987	0.239641310886458
988	0.279503834877673
989	0.479718341184594
990	0.69649575559613
991	0.721772792411983
992	0.72981965220415
993	0.613187566575581
994	0.441071530890745
995	0.361358661919312
996	0.310134279250115
997	0.186110433006106
998	0.334868960793168
999	0.461470475250405
1000	0.54268851797508
1001	0.748887108112747
1002	0.758615857810102
1003	0.60713034379828
1004	0.448917279434357
1005	0.301078906514635
1006	0.20667392377537
1007	0.286012014733378
1008	0.325018356105272
1009	0.462823309411
1010	0.663558825281187
1011	0.656797768745866
1012	0.690054634450136
1013	0.659372406109325
1014	0.433088661883905
1015	0.240393897763079
1016	0.228684687018047
1017	0.230479302289856
1018	0.483901720238033
1019	0.690654863196803
1020	0.723768500395039
1021	0.748344771377255
1022	0.599869577065954
1023	0.441903327682111
1024	0.347099199638775
1025	0.256655176069478
1026	0.152286835469736
1027	0.311657721519851
1028	0.408235146931426
1029	0.580378608562638
1030	0.870513060951204
1031	0.840690055348136
1032	0.696638965564856
1033	0.549891364890269
1034	0.363348289665523
1035	0.227609133902331
1036	0.261962870625888
1037	0.27133207070789
1038	0.446610774954548
1039	0.631804093211736
1040	0.664689230289656
1041	0.817832248378713
1042	0.792628341240762
1043	0.543940787242744
1044	0.303324469596193
1045	0.214525771093134
1046	0.130337022893964
1047	0.29267860514992
1048	0.473466124470197
1049	0.57281010398929
1050	0.715231115641711
1051	0.654082989338064
1052	0.570336040787415
1053	0.462893380433171
1054	0.310533424554188
1055	0.148255814546251
1056	0.242587667607614
1057	0.304732127843579
1058	0.521015940100917
1059	0.832301960800379
1060	0.842722328170143
1061	0.758600610874722
1062	0.605524614420761
1063	0.440123940808375
1064	0.262681942050635
1065	0.189830675970146
1066	0.14169583218487
1067	0.334213880153749
1068	0.516293273699062
1069	0.578952653992796
1070	0.819428811057696
1071	0.819383116594825
1072	0.6016428929715
1073	0.378034323196509
1074	0.262173120767017
1075	0.152606770859063
1076	0.258492445685735
1077	0.411812207732701
1078	0.582078766984321
1079	0.760081408068663
1080	0.706876518008521
1081	0.726291353790129
1082	0.656965336736585
1083	0.439770499235827
1084	0.168319613655819
1085	0.159727358472431
1086	0.141814665594296
1087	0.296450678425598
1088	0.600713571405625
1089	0.696611548887134
1090	0.760806568998908
1091	0.655521122918902
1092	0.510217754599305
1093	0.333726376773703
1094	0.223370893687485
1095	0.106458514701577
1096	0.246999565318677
1097	0.443591307092798
1098	0.646337777881422
1099	0.955957127805114
1100	0.949915142694539
1101	0.736431409265247
1102	0.444989844984918
1103	0.286319752574401
1104	0.17329214442483
1105	0.201692254113786
1106	0.267319309032246
1107	0.430913179093172
1108	0.667272978739729
1109	0.651666790341403
1110	0.719667389912075
1111	0.686864512135977
1112	0.482536707066442
1113	0.195650250465903
1114	0.126732536146313
1115	0.10411542684551
1116	0.255512601318666
1117	0.537597163065297
1118	0.72031333165892
1119	0.902231228181705
1120	0.855287721534495
1121	0.676846339457361
1122	0.498444543800293
1123	0.335749529240443
1124	0.123426657615765
1125	0.178995916360929
1126	0.288997957874599
1127	0.397199285342308
1128	0.719664340524999
1129	0.82046475921604
1130	0.747241783046509
1131	0.562359270554727
1132	0.343960898367599
1133	0.187898958772417
1134	0.145260713975148
1135	0.142463647459563
1136	0.278690306602802
1137	0.559403784209651
1138	0.678909087612821
1139	0.868794624744373
1140	0.940506319117857
1141	0.707056292816198
1142	0.355094256925264
1143	0.188886144543506
1144	0.0818883517621667
1145	0.165708429990716
1146	0.421830380411316
1147	0.592310248459795
1148	0.825909574235678
1149	0.835671811578947
1150	0.714161652031493
1151	0.567971653565085
1152	0.342857919305506
1153	0.0830918586425755
1154	0.081083971648523
1155	0.167250150045601
1156	0.298382395623327
1157	0.653860550917284
1158	0.805541086672163
1159	0.837371979269284
1160	0.736961566989741
1161	0.570567599563461
1162	0.35670910665805
1163	0.215598274821775
1164	0.107796083389484
1165	0.214349036403879
1166	0.496716959432233
1167	0.56813008266323
1168	0.784392567748344
1169	0.833624301090214
1170	0.650399292675667
1171	0.37736705427744
1172	0.221046111422528
1173	0.0580342108604263
1174	0.0929942751048019
1175	0.288431253848461
1176	0.439331739705728
1177	0.690136884483304
1178	0.753183240338768
1179	0.774602904458699
1180	0.755687778874095
1181	0.496997280595534
1182	0.149468460319234
1183	0.0785398096185158
1184	0.0778237875808457
1185	0.175778405175008
1186	0.578501706183047
1187	0.760163676639139
1188	0.87061970608098
1189	0.85346568031631
1190	0.678372840382827
1191	0.52142727368464
1192	0.265905552010708
1193	0.0234306190383674
1194	0.0456729595943979
1195	0.259056137399413
1196	0.395227944649899
1197	0.737552675381141
1198	0.930576485977907
1199	0.787500412223374
1200	0.593666113470159
1201	0.408478893987122
1202	0.209126659805021
1203	0.0943592790077395
1204	0.138219327007873
1205	0.261624666720067
1206	0.580860013168532
1207	0.689436109381014
1208	0.816555602551749
1209	0.899217859094107
1210	0.622776137153979
1211	0.25281305957759
1212	0.0943013962652183
1213	0.0315749757990818
1214	0.0938169422722482
1215	0.444222029710225
1216	0.629765721615577
1217	0.78184841498699
1218	0.813219248687749
1219	0.697708429175075
1220	0.584050107676731
1221	0.338403367249994
1222	0.0529306491336857
1223	0.0265811178578466
1224	0.175111136255939
1225	0.272474663996009
1226	0.69282729660046
1227	0.922081737031721
1228	0.876667789965707
1229	0.691968073862717
1230	0.503721772291905
1231	0.307187931797613
1232	0.15956587998721
1233	0.0760565889867596
1234	0.114843559862258
1235	0.385922744621878
1236	0.477396617575366
1237	0.716209162520226
1238	0.933818382991783
1239	0.784103126229776
1240	0.436647435631378
1241	0.22811492433618
1242	0.0951453813362347
1243	0.046224453759771
1244	0.252480935908613
1245	0.391696606117456
1246	0.695033254724645
1247	0.803923169014994
1248	0.775334154894441
1249	0.812088852947933
1250	0.590762429630759
1251	0.213130291856745
1252	0.0315109942824086
1253	0.0478880566111572
1254	0.0967815675098987
1255	0.465026218148109
1256	0.753110101392213
1257	0.85618960788534
1258	0.77165350761912
1259	0.605811043626867
1260	0.460675252566643
1261	0.301167273859262
1262	0.100806508196539
1263	0.0463128025670909
1264	0.269918313686352
1265	0.363783990539893
1266	0.705487137546284
1267	1
1268	0.919635090507569
1269	0.625155752774382
1270	0.375740006996351
1271	0.200443015695891
1272	0.0666599536897278
1273	0.151397155935849
1274	0.24036649035401
1275	0.529260843217256
1276	0.615765225520155
1277	0.665999391568495
1278	0.856533910565314
1279	0.768908271415173
1280	0.409987117127439
1281	0.144489849313379
1282	0.064713008093926
1283	6.9165474702352E-4
1284	0.240278123009383
1285	0.478917001189372
1286	0.732872635517774
1287	0.833581646745765
1288	0.73031629447677
1289	0.661511314792454
1290	0.495114297979098
1291	0.23400760997253
1292	0
1293	0.124727680002029
1294	0.197466192909936
1295	0.489995517122939
1296	0.810915793595015
1297	0.853541859381287
1298	0.756339828663745
1299	0.533983528156418
1300	0.320892859794354
1301	0.138904882980744
1302	0.0606118790736546
1303	0.0553377092377724
1304	0.353263076814506
1305	0.508871019212862
1306	0.642526108917025
1307	0.886341669233002
1308	0.838377461362829
1309	0.545110787939932
1310	0.2700645637735
1311	0.130123741903066
1312	0.0323184145144745
1313	0.177368887617147
1314	0.373777814465169
1315	0.661072573799662
1316	0.860461354283407
1317	0.75637334411562
1318	0.768859509027919
1319	0.661368104823728
1320	0.310743656158009
1321	0.0302008144662627
1322	0.0576594421156539
1323	0.108061166886059
1324	0.318412697818327
1325	0.602605692914635
1326	0.758152721720702
1327	0.846214061745213
1328	0.683735359026029
1329	0.500013708338861
1330	0.326014680768936
1331	0.160208772346979
1332	0.0132814246706759
1333	0.181546177165089
1334	0.380803954497065
1335	0.582867909431239
1336	0.919796578261444
1337	0.925929980103722
1338	0.698369599319992
1339	0.444194613032502
1340	0.234114255102306
1341	0.0849748412590117
1342	0.144898124241372
1343	0.209001736890096
1344	0.426412914037482
1345	0.632538383765901
1346	0.663351633795788
1347	0.77535549133532
1348	0.73828391654823
1349	0.470208971252288
1350	0.175717454508104
1351	0.120300535355586
1352	0.0801790359106019
1353	0.230058839082213
1354	0.490315433974958
1355	0.631011901377743
1356	0.797594763966967
1357	0.72710791291477
1358	0.639046563621606
1359	0.515958109911663
1360	0.321669813961622
1361	0.0587685014145912
1362	0.099606032165899
1363	0.190525370835592
1364	0.355258784797561
1365	0.719575991717679
1366	0.845872826989622
1367	0.772150159160395
1368	0.586024488487563
1369	0.367281822889115
1370	0.166646871911858
1371	0.135300405501747
1372	0.0948285046026375
1373	0.224626230879532
1374	0.468819600058704
1375	0.620652456868922
1376	0.909022769319132
1377	0.957130187158032
1378	0.689859621975733
1379	0.355913874705635
1380	0.17468456500549
1381	0.0353074163114254
1382	0.109557183209419
1383	0.336249193094178
1384	0.551582393688032
1385	0.774240323993577
1386	0.775136102301616
1387	0.737421653692065
1388	0.630582290008871
1389	0.373765626185519
1390	0.0904013877621553
1391	0.0937072384867423
1392	0.142908505763815
1393	0.28073173685469
1394	0.65083194416296
1395	0.787162199048899
1396	0.782637575971215
1397	0.629040551416679
1398	0.480367332318515
1399	0.331109103603102
1400	0.249034896796414
1401	0.126290736497791
1402	0.21085424417308
1403	0.410998679457829
1404	0.502829034102287
1405	0.786504069022404
1406	0.921128085249814
1407	0.771007575140929
1408	0.478987100017505
1409	0.297721225478409
1410	0.1223328267149
1411	0.111385341739063
1412	0.210583089708315
1413	0.329497293988739
1414	0.558355638503003
1415	0.615728679218512
1416	0.73194028310213
1417	0.81849341852363
1418	0.649009893676122
1419	0.298528645710475
1420	0.166601149643026
1421	0.107726012367313
1422	0.148734160496416
1423	0.418862724323897
1424	0.598242539053519
1425	0.743286922650693
1426	0.725508282311403
1427	0.623449514115853
1428	0.52648208229278
1429	0.363528073741854
1430	0.105870455697253
1431	0.0978479724643872
1432	0.228550615941895
1433	0.311331696625025
1434	0.660185906578236
1435	0.888928494876112
1436	0.824075344737843
1437	0.63649325343037
1438	0.438755887518362
1439	0.249446239648791
1440	0.152804823451889
1441	0.132320551866024
1442	0.255890410181861
1443	0.529062799893084
1444	0.609924351658135
1445	0.768122169086678
1446	0.942240011528722
1447	0.760227667424466
1448	0.435340323739616
1449	0.235738243727666
1450	0.0852886871428405
1451	0.0824276483792361
1452	0.267416806000793
1453	0.460952515074214
1454	0.69209908628314
1455	0.770992337474203
1456	0.705840588387485
1457	0.70403073544895
1458	0.537676372980043
1459	0.22239284680897
1460	0.105291535585504
1461	0.175336614795141
1462	0.234236137898808
1463	0.520729538700772
1464	0.724633840444241
1465	0.755581143012973
1466	0.680801209121831
1467	0.559141740831499
1468	0.408701313870594
1469	0.304921032275176
1470	0.172079470845885
1471	0.156464134286331
1472	0.356035757502136
1473	0.41329603577641
1474	0.612081528857759
1475	0.866296147908583
1476	0.82317649850542
1477	0.565881479463249
1478	0.396480223186216
1479	0.256350487615531
1480	0.155836479593289
1481	0.208358853798981
1482	0.29553356367668
1483	0.537505746333594
1484	0.641054459884312
1485	0.666608768476389
1486	0.788100650238694
1487	0.708259818233915
1488	0.404222385255782
1489	0.228060063174773
1490	0.154245997151149
1491	0.108140395338112
1492	0.287834046682909
1493	0.495790705790741
1494	0.662952497760369
1495	0.748975475457374
1496	0.703631590144878
1497	0.625366012184164
1498	0.544882269282308
1499	0.307870429114754
1500	0.135967674420816
1501	0.2123807543672
1502	0.294000963977062
1503	0.539647713672452
1504	0.846046493754493
1505	0.814169878888541
1506	0.674207729845882
1507	0.515723492479887
1508	0.329966519583636
1509	0.23705451304931
1510	0.222374559755168
1511	0.216180235051946
1512	0.415297833264965
1513	0.553626854789689
1514	0.64433596185556
1515	0.815568398243353
1516	0.778959959545663
1517	0.505105063248644
1518	0.286194820390823
1519	0.200927469688861
1520	0.156448905888259
1521	0.276508752843878
1522	0.434782740068744
1523	0.592026887178072
1524	0.729612469987404
1525	0.736303436963246
1526	0.712793589472826
1527	0.660627715495411
1528	0.401608142934949
1529	0.171019146128241
1530	0.181329856055768
1531	0.189099425534403
1532	0.356870585143271
1533	0.589674678966739
1534	0.673772019702859
1535	0.67760501583948
1536	0.608026131374973
1537	0.502566990724135
1538	0.423320325766485
1539	0.312069055103574
1540	0.179002015135081
1541	0.301669996368727
1542	0.412832908955664
1543	0.532265091949586
1544	0.799124314279508
1545	0.81639716418495
1546	0.639890548692622
1547	0.472680022141701
1548	0.346998653283151
1549	0.228447029467849
1550	0.251746645354448
1551	0.273330837346676
1552	0.391961680345377
1553	0.541122402823588
1554	0.586280442360216
1555	0.701894848346936
1556	0.730502158789945
1557	0.493532954429533
1558	0.252462658123464
1559	0.194763601781784
1560	0.166266004392934
1561	0.291862055293933
1562	0.512216511969437
1563	0.621755435931015
1564	0.74718999907814
1565	0.736598977255966
1566	0.671368027523156
1567	0.656761213175569
1568	0.458051871353237
1569	0.23001617546911
1570	0.246155570979007
1571	0.281615345420387
1572	0.357745064085048
1573	0.615433138925793
1574	0.72362530896362
1575	0.665591107371848
1576	0.585296287438896
1577	0.465623406776354
1578	0.380523642602418
1579	0.330484489028481
1580	0.236478642324636
1581	0.288400769246355
1582	0.438908245648316
1583	0.497466506190432
1584	0.688753602795218
1585	0.795492410854134
1586	0.619068073200935
1587	0.419932160128154
1588	0.326764227527134
1589	0.243647992325258
1590	0.322912953605365
1591	0.452040343038806
1592	0.478292386614752
1593	0.580128753464136
1594	0.575445673482346
1595	0.555135077930006
1596	0.61380608237605
1597	0.483124766070766
1598	0.258346204867241
1599	0.226530531399539
1600	0.208550816886308
1601	0.282011450606037
1602	0.536521591412273
1603	0.652425485260829
1604	0.678537358986471
1605	0.660767876077062
1606	0.592575313419062
1607	0.556393436703168
1608	0.486503765010561
1609	0.307800348823929
1610	0.285625057708955
1611	0.368086203002758
1612	0.39789702959483
1613	0.609589187870736
1614	0.761976569696096
1615	0.678089460563797
1616	0.541000538564393
1617	0.448734464508258
1618	0.364308068027544
1619	0.345018164429513
1620	0.322129909932599
1621	0.297148404140812
1622	0.427494575196004
1623	0.454066526355315
1624	0.543629990745991
1625	0.672787874050192
1626	0.59386415679433
1627	0.40673608122099
1628	0.337611184684655
1629	0.283888325179668
1630	0.327142045658982
1631	0.502219657194393
1632	0.577968499071475
1633	0.628047266871438
1634	0.625509194346929
1635	0.570329942013263
1636	0.56428186739719
1637	0.487978472699004
1638	0.316880088850056
1639	0.251496790255946
1640	0.270034079171394
1641	0.288519602655781
1642	0.490876067032906
1643	0.676907271586959
1644	0.681300910050181
1645	0.636974676573572
1646	0.564592645356635
1647	0.494986316408444
1648	0.465068863223904
1649	0.362525631766731
1650	0.30339759000544
1651	0.404234564266778
1652	0.433070374830103
1653	0.536539878466075
1654	0.746391717738648
1655	0.692342833338836
1656	0.538313175834313
1657	0.45106838566579
1658	0.348321002841639
1659	0.33365020697738
1660	0.359094811783951
1661	0.351565958511244
1662	0.431589605442123
1663	0.480553205900343
1664	0.46261917658133
1665	0.559294089692799
1666	0.56718249258086
1667	0.415898080548939
1668	0.33510356895629
1669	0.322212150697113
1670	0.335728192799565
1671	0.475672064057075
1672	0.567331792055084
1673	0.559891278321043
1674	0.583288400444844
1675	0.529864130619652
1676	0.50568397409174
1677	0.518224990896792
1678	0.427543309777297
1679	0.331608785994145
1680	0.373911876272667
1681	0.366312933440481
1682	0.474599569597088
1683	0.63110026872237
1684	0.607797603448695
1685	0.556192353260574
1686	0.531354066706167
1687	0.457543040800966
1688	0.456385219114774
1689	0.439273856963207
1690	0.345932239060009
1691	0.384198181834933
1692	0.439295193404085
1693	0.475754323358896
1694	0.628321489260587
1695	0.653516266774618
1696	0.513420046655808
1697	0.429554264695733
1698	0.37232749260468
1699	0.33987805640113
1700	0.40505722216557
1701	0.414414243236575
1702	0.408186403081479
1703	0.478947485791478
1704	0.489730433626364
1705	0.519928217242858
1706	0.588888576638243
1707	0.473868309892692
1708	0.357937008635067
1709	0.372172103624958
1710	0.362425085411107
1711	0.478304574894402
1712	0.612142479524663
1713	0.568270233976226
1714	0.527158508641731
1715	0.535333322198591
1716	0.476452067611418
1717	0.517216477953478
1718	0.504282414618506
1719	0.397199285342308
1720	0.415733552676642
1721	0.415346604920873
1722	0.443542544705544
1723	0.591569840594171
1724	0.591642979540726
1725	0.481951706717848
1726	0.475556280034725
1727	0.437698621456448
1728	0.434002745783054
1729	0.476378947202171
1730	0.436452441694282
1731	0.403542928057062
1732	0.433548739317575
1733	0.426635343189607
1734	0.516387721280534
1735	0.636992945090067
1736	0.528538731674087
1737	0.438777214690586
1738	0.417324035118781
1739	0.369082555472383
1740	0.433432955295225
1741	0.465602079604129
1742	0.398104221080229
1743	0.394950682142328
1744	0.435980157443655
1745	0.424633527163745
1746	0.53855692289001
1747	0.556935791975967
1748	0.44198560552124
1749	0.419578737092913
1750	0.409396018004694
1751	0.437738235682474
1752	0.557277045268865
1753	0.56559506879445
1754	0.497640172955303
1755	0.529845852834503
1756	0.487670734857981
1757	0.491814518222701
1758	0.567788829370332
1759	0.485382517431974
1760	0.411924933099321
1761	0.400051194481992
1762	0.395008574153503
1763	0.455346230838009
1764	0.546661656156044
1765	0.464340652906584
1766	0.433783356749351
1767	0.461235876355937
1768	0.432796161709608
1769	0.527179826545302
1770	0.537606292689218
1771	0.448329220430033
1772	0.425014385414016
1773	0.401282127308778
1774	0.400127345741008
1775	0.514062939015577
1776	0.541265622060968
1777	0.466168802167575
1778	0.48690595970171
1779	0.451434024786641
1780	0.469773270377918
1781	0.534279077717791
1782	0.478773791220646
1783	0.397802582013358
1784	0.406912797372937
1785	0.380746053217236
1786	0.435913126539906
1787	0.549117460110078
1788	0.501046607110129
1789	0.451839259596213
1790	0.455056780050787
1791	0.443109902486904
1792	0.491908965804173
1793	0.526387634711308
1794	0.450650962576569
1795	0.446467592791783
1796	0.452241435750054
1797	0.452000738081433
1798	0.583660110533886
1799	0.58578075070052
1800	0.457725864995719
1801	0.393951317360242
1802	0.372236085141631
1803	0.36434462359784
1804	0.452000756618741
1805	0.461339472098636
1806	0.425578067859039
1807	0.466004274295278
1808	0.448277436461664
1809	0.517320064427524
1810	0.586362710930692
1811	0.502332401098321
1812	0.407223575332383
1813	0.397848276476229
1814	0.376708933519599
1815	0.456775234794927
1816	0.583550416017035
1817	0.525778257803414
1818	0.517588188042521
1819	0.535845192869284
1820	0.527728262054946
1821	0.569428074199725
1822	0.537411280214815
1823	0.411909704701249
1824	0.380243321439117
1825	0.377973381798258
1826	0.378594956254457
1827	0.53590918365461
1828	0.567471952636734
1829	0.488411133454952
1830	0.475428307732725
1831	0.449557131675704
1832	0.437003935859656
1833	0.480870073365287
1834	0.452287148750232
1835	0.409316798821294
1836	0.458289538172088
1837	0.453109806649024
1838	0.538828095892082
1839	0.647778951580683
1840	0.538803719332782
1841	0.425136268210518
1842	0.382568112972728
1843	0.335682479799386
1844	0.386300553485072
1845	0.472198608267153
1846	0.447189695066298
1847	0.476180894609345
1848	0.501549348156901
1849	0.492320299387896
1850	0.583059863249912
1851	0.527664280538272
1852	0.396397963884394
1853	0.352550094895257
1854	0.33894571325414
1855	0.373662039711473
1856	0.557237431042838
1857	0.632523155367829
1858	0.63175229070606
1859	0.639348193419823
1860	0.570863149124834
1861	0.553623814671267
1862	0.549595833866203
1863	0.431178262589747
1864	0.34566107532659
1865	0.372217798087829
1866	0.369082546203729
1867	0.473557513395939
1868	0.624741379072236
1869	0.567648678057335
1870	0.489206365407367
1871	0.421848667465118
1872	0.375429238305559
1873	0.393920832758136
1874	0.413564150122753
1875	0.381056849713989
1876	0.456217641855401
1877	0.512109885376969
1878	0.55488827221858
1879	0.695024115832071
1880	0.683101614827488
1881	0.510165952093628
1882	0.410517256314627
1883	0.361066180282322
1884	0.345606223433837
1885	0.469599612881701
1886	0.526661847831803
1887	0.553377018228495
1888	0.588193881772797
1889	0.538285759156591
1890	0.575857007066069
1891	0.578842968744598
1892	0.411824396012351
1893	0.305295801019949
1894	0.317184795841311
1895	0.311983737146022
1896	0.430453092390849
1897	0.613888350946525
1898	0.639482273764629
1899	0.650694832968386
1900	0.60877870898294
1901	0.549208876841781
1902	0.5270579437488
1903	0.451677771842338
1904	0.317190885346809
1905	0.361468365704817
1906	0.425035721854894
1907	0.457177410948768
1908	0.639503600936853
1909	0.655798385426473
1910	0.539982877459852
1911	0.447466957573868
1912	0.362510403368659
1913	0.319387686041113
1914	0.372202560421102
1915	0.356687779485826
1916	0.39050221032366
1917	0.516515693582534
1918	0.569699247201798
1919	0.700542032723649
1920	0.766205661749714
1921	0.606429550158682
1922	0.421339836912847
1923	0.370030136286099
1924	0.32836688898027
1925	0.40998405847171
1926	0.573407301886188
1927	0.611060827634795
1928	0.66651736101334
1929	0.650758823753713
1930	0.620171042994374
1931	0.613595841503574
1932	0.480099190166211
1933	0.282837139354598
1934	0.288799905281774
1935	0.31851627502372
1936	0.356678631324598
1937	0.572420106846445
1938	0.68542941867356
1939	0.664847668656455
1940	0.583870342137708
1941	0.508709540727642
1942	0.456726463139018
1943	0.424322758472954
1944	0.322769762173946
1945	0.324101232087701
1946	0.478204028538778
1947	0.520787439980601
1948	0.69191933001277
1949	0.803554508313027
1950	0.676736654209163
1951	0.505690082134545
1952	0.385624145673429
1953	0.297392169733816
1954	0.325173754353649
1955	0.406437473003887
1956	0.399112743292197
1957	0.506573681431589
1958	0.566688899695315
1959	0.616609238397133
1960	0.721315773634043
1961	0.617937668192466
1962	0.402007306776329
1963	0.294104568988416
1964	0.250308502504956
1965	0.258638705041538
1966	0.482548913883399
1967	0.614942576890017
1968	0.696160591808731
1969	0.740441121553815
1970	0.668500889985399
1971	0.633031995188753
1972	0.531847668860365
1973	0.332111527040917
1974	0.231713293772371
1975	0.318497997238571
1976	0.358573802220684
1977	0.562475045308423
1978	0.801013386401443
1979	0.772311637645616
1980	0.660021387974593
1981	0.543654385842598
1982	0.430087481075958
1983	0.361453128038091
1984	0.277249142172195
1985	0.239796699866181
1986	0.405179104962072
1987	0.533322367280154
1988	0.637955763570509
1989	0.840939891909331
1990	0.786558920915156
1991	0.56572304109645
1992	0.375042272012482
1993	0.258855026150858
1994	0.217728053880983
1995	0.35843669102611
1996	0.452780760173084
1997	0.583327996133562
1998	0.713293290401176
1999	0.688448905072617
2000	0.731071921471813
2001	0.637605389922345
2002	0.397056075373582
2003	0.25186241083949
2004	0.246670518842737
2005	0.25346508156128
2006	0.442978880797828
2007	0.627873590837913
2008	0.646724725637191
2009	0.672483185596245
2010	0.657075040522091
2011	0.604967030749889
2012	0.505495069660143
2013	0.319905664754611
2014	0.179730234721055
2015	0.272054191519712
2016	0.367668789182191
2017	0.499160584375271
2018	0.790653941892622
2019	0.833228205173217
2020	0.725517430472631
2021	0.577773495865726
2022	0.438262294632817
2023	0.352217989763588
2024	0.304884476704879
2025	0.249653403328229
2026	0.342129708988186
2027	0.515232948981418
2028	0.601581951573249
2029	0.780401151782231
2030	0.829230690432953
2031	0.585914803239365
2032	0.351907193266835
2033	0.256402290121208
2034	0.192929372283949
2035	0.288668892861351
2036	0.449362119201301
2037	0.544815256915866
2038	0.690624397132004
2039	0.759755392442492
2040	0.791753871567639
2041	0.770919207796302
2042	0.498691358780373
2043	0.253148195559028
2044	0.224537854266251
2045	0.254171955437722
2046	0.39973733932951
2047	0.739822605753346
2048	0.831799210484953
2049	0.758585373207996
2050	0.663455248075795
2051	0.575159262813547
2052	0.50533662202469
2053	0.353939493894803
2054	0.188368175098661
2055	0.214870064504454
2056	0.344152861454926
2057	0.411641562548944
2058	0.679890183878411
2059	0.850467530358131
2060	0.727254153733265
2061	0.576045902229013
2062	0.450267054939222
2063	0.341934715051091
2064	0.277105941472122
2065	0.251042802327774
2066	0.335517961195743
2067	0.537783008841165
2068	0.643007513522919
2069	0.751458686820477
2070	0.882243617405768
2071	0.698208111566117
2072	0.413478859971163
2073	0.280360026765648
2074	0.206871976368196
2075	0.200939667237165
2076	0.349737809250254
2077	0.468984127931001
2078	0.624186863325748
2079	0.694762081722573
2080	0.680438637925362
2081	0.731379659312836
2082	0.600686154727902
2083	0.30866566106717
2084	0.163609116996307
2085	0.212706760724718
2086	0.31138045901228
2087	0.628946094566554
2088	0.91980875727244
2089	0.921466279886982
2090	0.81441666606266
2091	0.686529366885885
2092	0.565884519581671
2093	0.44336583782225
2094	0.253961714565246
2095	0.184468138789637
2096	0.329869004077781
2097	0.397257186622137
2098	0.555290476178383
2099	0.815480049436033
2100	0.777281137564858
2101	0.588574740023068
2102	0.421452571548121
2103	0.315746652991819
2104	0.252511392704758
2105	0.25515001158489
2106	0.259147544862462
2107	0.438457288569913
2108	0.639122733417929
2109	0.732598413128625
2110	0.869934140839455
2111	0.8196238235321
2112	0.527286462406424
2113	0.307093474947487
2114	0.205439923024201
2115	0.175495043893285
2116	0.328409552593372
2117	0.508828374137067
2118	0.643763149786616
2119	0.732485678493351
2120	0.707312237420198
2121	0.677559312107956
2122	0.645137301850781
2123	0.39963680224254
2124	0.136820807653061
2125	0.128856225700023
2126	0.18729567137002
2127	0.384789290226333
2128	0.739057821328421
2129	0.867447870820622
2130	0.856530851909584
2131	0.775419463583339
2132	0.59482393515635
2133	0.442077003715636
2134	0.254034853511801
2135	0.116970280265737
2136	0.223057075609618
2137	0.430468330057575
2138	0.599040838930318
2139	0.86176540751944
2140	0.887505580424692
2141	0.641447506414233
2142	0.431772411099569
2143	0.272142540327032
2144	0.191018963721136
2145	0.204620323781139
2146	0.278489232428862
2147	0.420172885602735
2148	0.645030656721006
2149	0.701166656566924
2150	0.796056093299158
2151	0.851948318283418
2152	0.578748502625819
2153	0.312047727931349
2154	0.193688048666067
2155	0.167368974186373
2156	0.283178401916149
2157	0.515970298191313
2158	0.647849041140162
2159	0.777546202524125
2160	0.791397380608015
2161	0.695901607086308
2162	0.614921240449139
2163	0.409255857423043
2164	0.150385584336806
2165	0.0883721365212634
2166	0.179340219040903
2167	0.304211109011658
2168	0.597371118767472
2169	0.783237804717882
2170	0.77541643273357
2171	0.688397102566941
2172	0.549071747109899
2173	0.469605693118546
2174	0.337184604165552
2175	0.150687223403677
2176	0.141168723847451
2177	0.32121582603345
2178	0.473283309544098
2179	0.735371084547603
2180	0.98858936966611
2181	0.851859969476099
2182	0.550229568796091
2183	0.343580030848675
2184	0.186905664958522
2185	0.159169784070213
2186	0.270792764822167
2187	0.366224547558547
2188	0.592709375226561
2189	0.720831310372419
2190	0.804879897989939
2191	0.925153016667801
2192	0.736854931128619
2193	0.366361658753121
2194	0.177905134847141
2195	0.14087927306023
2196	0.180930710751696
2197	0.42260735311589
2198	0.648616856414855
2199	0.740142541142673
2200	0.777768640944904
2201	0.672212012594172
2202	0.613824369429852
2203	0.513852698143101
2204	0.267815951304866
2205	0.110910026638667
2206	0.187761838309188
2207	0.286493428607926
2208	0.524827618333968
2209	0.798155397024914
2210	0.781345673940218
2211	0.691334329664176
2212	0.569047197412147
2213	0.440379876143722
2214	0.330383933404204
2215	0.184078132378138
2216	0.09851525065211
2217	0.245080027131945
2218	0.444170236473201
2219	0.584659503121933
2220	0.885455029817537
2221	0.893806568794997
2222	0.644698551589336
2223	0.433015541474658
2224	0.270975579748266
2225	0.190342565178146
2226	0.214163190628012
2227	0.303751031577988
2228	0.466479589395674
2229	0.707044113805202
2230	0.775294549937068
2231	0.885473298334032
2232	0.870153520604504
2233	0.525625908942113
2234	0.251317015448269
2235	0.15711921492575
2236	0.152786554935394
2237	0.269787282728622
2238	0.541229047953363
2239	0.668442997974224
2240	0.764639555866875
2241	0.731690446540936
2242	0.626130768803128
2243	0.550034574858995
2244	0.296523789566191
2245	0.101854644634533
2246	0.133697744048611
2247	0.278406963858386
2248	0.482625074411069
2249	0.822786492093922
2250	0.892703580464251
2251	0.73710781707689
2252	0.570345170411336
2253	0.421903510089217
2254	0.329305330901412
2255	0.262977482343354
2256	0.18059555623295
2257	0.257282840031175
2258	0.468435692421357
2259	0.591326093538475
2260	0.812387451896382
2261	0.947300900373707
2262	0.733826315105642
2263	0.463581995061772
2264	0.281938311659482
2265	0.165754124453587
2266	0.16154635030354
2267	0.249677779887529
2268	0.393314495968664
2269	0.615268601784842
2270	0.726842829418195
2271	0.817018729372495
2272	0.893788291009849
2273	0.660167647330395
2274	0.316965406807607
2275	0.143752500103485
2276	0.0907487212918975
2277	0.128743491064749
2278	0.386855087768868
2279	0.623949196506897
2280	0.748780462982971
2281	0.762863227648868
2282	0.646252469192524
2283	0.579083666413218
2284	0.380938016304563
2285	0.131232801202004
2286	0.114648556656509
2287	0.231122203918279
2288	0.324497328004698
2289	0.6433030816216
2290	0.964400074245624
2291	0.924610670663656
2292	0.731483255055536
2293	0.539931074954175
2294	0.397263276127635
2295	0.275887187656333
2296	0.160019858646728
2297	0.172795502152209
2298	0.41187923863645
2299	0.567417100743982
2300	0.723006802431805
2301	0.952955928459859
2302	0.874364344141628
2303	0.594756885715293
2304	0.380651614904418
2305	0.261615518558839
2306	0.223044878061314
2307	0.280923690673363
2308	0.303495096242642
2309	0.443323183477802
2310	0.632605433206958
2311	0.718649728807533
2312	0.822835245212522
2313	0.765712068864169
2314	0.452320654933453
2315	0.221893164417927
2316	0.166838816461878
2317	0.165065528362294
2318	0.342342999247738
2319	0.513109268696362
2320	0.617087593615951
2321	0.703582837026277
2322	0.712571188126662
2323	0.649579674895297
2324	0.508858840201866
2325	0.258663090869492
2326	0.0534760537935608
2327	0.152521452901512
2328	0.292401351911003
2329	0.481921249921703
2330	0.826890661232615
2331	0.908775954339052
2332	0.756790757936187
2333	0.593918990149775
2334	0.444023967848746
2335	0.329265725944039
2336	0.221637210545273
2337	0.114151923652542
2338	0.269668467856504
2339	0.490047319628615
2340	0.619013230576836
2341	0.808070001766791
2342	0.857667355692206
2343	0.627053982326197
2344	0.368762620083056
2345	0.235927138890609
2346	0.174550521735299
2347	0.229086881709196
2348	0.335749510703135
2349	0.45225973207251
2350	0.670971931606159
2351	0.721724048562036
2352	0.748634222164476
2353	0.755739581379771
2354	0.53882811442939
2355	0.242395713788941
2356	0.143277185003089
2357	0.151601298034172
2358	0.278903587593699
2359	0.522024480850192
2360	0.639957579596371
2361	0.682821293664187
2362	0.698494522234916
2363	0.616831649011951
2364	0.563154511775797
2365	0.407595294690079
2366	0.174209259173747
2367	0.142207730661524
2368	0.275664767772861
2369	0.395770309191351
2370	0.68038378603261
2371	0.896856502721545
2372	0.822341652326978
2373	0.65723042023316
2374	0.478161383462983
2375	0.384539435127831
2376	0.283129648797549
2377	0.171942368919965
2378	0.154846225897816
2379	0.384051931747784
2380	0.565195923490378
2381	0.708421296719135
2382	0.881692123240395
2383	0.775303688829643
2384	0.479261303869346
2385	0.291462909989861
2386	0.181936183576587
2387	0.156412350317962
2388	0.236509099120781
2389	0.341657443274866
2390	0.555241713791128
2391	0.765721207756744
2392	0.78887456428754
2393	0.808700696578256
2394	0.690697517541251
2395	0.353555567720149
2396	0.15887117585311
2397	0.13805480840423
2398	0.179471231461325
2399	0.378028233691011
2400	0.610938944838293
2401	0.714481578152167
2402	0.752723153636444
2403	0.701011267587201
2404	0.586429732565787
2405	0.458188982547811
2406	0.234757156730729
2407	0.0789176184817105
2408	0.194635629479783
2409	0.32073137204048
2410	0.533343675915071
2411	0.826287383098873
2412	0.872898766077106
2413	0.703028302742481
2414	0.535711131061785
2415	0.38417382381294
2416	0.28871460586153
2417	0.225125904001921
2418	0.188572326465638
2419	0.321453474314994
2420	0.528477790275836
2421	0.655377912950176
2422	0.841342077331826
2423	0.865071304587296
2424	0.546695180876572
2425	0.319649720150611
2426	0.223480588204337
2427	0.196134704458873
2428	0.238050837712973
2429	0.316532755320314
2430	0.427564646218175
2431	0.608775659595864
2432	0.710752168489591
2433	0.733558191490645
2434	0.729728235472446
2435	0.48726550004841
2436	0.198538715175884
2437	0.142140681220467
2438	0.194111561260787
2439	0.297096601635135
2440	0.540150454719225
2441	0.680734178218082
2442	0.7099538871501
2443	0.719941621569877
2444	0.638080686485433
2445	0.561698091141156
2446	0.383668024110438
2447	0.149276515769215
2448	0.143968830481458
2449	0.254098835028474
2450	0.343686685247104
2451	0.551131455146936
2452	0.789029962535916
2453	0.708101379867116
2454	0.558172842114212
2455	0.45023657960577
2456	0.331886048501715
2457	0.273534979444999
2458	0.203078585188947
2459	0.244211656232974
2460	0.459404696245178
2461	0.591968985898244
2462	0.727388224809416
2463	0.900147152854021
2464	0.782686319821162
2465	0.443438967500152
2466	0.276807342523673
2467	0.218870637900448
2468	0.228617656114298
2469	0.34058189015915
2470	0.421802973002247
2471	0.564269669848886
2472	0.690252668505654
2473	0.689064380754664
2474	0.725886100443251
2475	0.655499795746678
2476	0.312248811373943
2477	0.163301379155284
2478	0.165738886786861
2479	0.23871200785789
2480	0.40719615865466
2481	0.581707047626625
2482	0.663443041258837
2483	0.695173415306295
2484	0.668470423920601
2485	0.565244685877632
2486	0.493542102590761
2487	0.296532937727419
2488	0.157387347809401
2489	0.25572587304091
2490	0.352202752096861
2491	0.487557990954054
2492	0.700276949227075
2493	0.703357367755729
2494	0.589363891738639
2495	0.494562803813725
2496	0.370468886547545
2497	0.325834924498566
2498	0.279372831725905
2499	0.226375142419816
2500	0.342272909688259
2501	0.496424459257936
2502	0.56430318530076
2503	0.738424067861227
2504	0.802582532402704
2505	0.566917427621593
2506	0.37313186344967
2507	0.275530687428056
2508	0.248568720588592
2509	0.294710905777888
2510	0.371325050629557
2511	0.468326007173159
2512	0.639844835692444
2513	0.668150497799927
2514	0.691846200334869
2515	0.715566288697765
2516	0.481906021523631
2517	0.254394384589847
2518	0.186454717148772
2519	0.207877439924433
2520	0.284595208324764
2521	0.468685538251206
2522	0.55275545304095
2523	0.623236233124956
2524	0.663016488545696
2525	0.586466288136084
2526	0.56944634271622
2527	0.413670804521183
2528	0.203782418946967
2529	0.182959934186627
2530	0.291155172148837
2531	0.399146268012725
2532	0.617687831631272
2533	0.727217607431621
2534	0.652005003515878
2535	0.588142088535775
2536	0.464556992553211
2537	0.36150797066219
2538	0.299159349790594
2539	0.226067404578793
2540	0.262593583974661
2541	0.417753655756306
2542	0.497533527825527
2543	0.629896743304654
2544	0.775163528247992
2545	0.654098217736136
2546	0.444081859859921
2547	0.322346221773265
2548	0.246420673012889
2549	0.253788057069029
2550	0.318351747151423
2551	0.371014281938766
2552	0.521783773912918
2553	0.603525866319282
2554	0.640697978193342
2555	0.719959890086372
2556	0.601880550521698
2557	0.333275438232607
2558	0.239312255141865
2559	0.243020337632215
2560	0.307151366958662
