1	449.910086477027
2	462.259719097942
3	431.981510298255
4	378.012041179386
5	340.374395669775
6	351.628400751374
7	411.433082233488
8	483.037305178737
9	515.999239589268
10	481.017018194975
11	393.147768168382
12	306.090703972971
13	279.07763689407
14	336.947438582795
15	450.134711697631
16	549.647071597989
17	569.536443892562
18	490.485454001077
19	355.76250275288
20	247.361993576531
21	235.598489122489
22	333.424706588653
23	485.184514851284
24	598.612903757841
25	601.474302830872
26	487.763694806863
27	323.825164171102
28	209.24217940918
29	215.804515309071
30	342.264301451918
31	513.523898577119
32	625.633048465629
33	609.383425231853
34	473.312309226255
35	299.26032673704
36	192.795194869683
37	218.757047154149
38	361.518306554547
39	534.431135025587
40	632.692843960435
41	597.194706959114
42	450.271161088045
43	281.645230244753
44	193.452989143596
45	238.160200067483
46	387.230985341063
47	549.299850274352
48	626.261375338875
49	572.769203319404
50	422.998624062603
51	268.879266145785
52	203.658260237284
53	265.466500271285
54	415.047247387948
55	560.618301547335
56	614.135017468911
57	544.480450634299
58	395.488326020907
59	258.421125336642
60	216.166672339791
61	293.228507465905
62	441.613293219864
63	570.671524710832
64	602.355950145496
65	518.278141080346
66	370.276296490319
67	248.490209397007
68	226.585041378877
69	317.338156542334
70	465.280821918778
71	580.575590392872
72	593.459864883156
73	496.330535300654
74	348.155692494123
75	238.692187080046
76	234.200524461425
77	337.431491318781
78	485.993509967051
79	590.049902712946
80	586.58979866643
81	477.527518657239
82	328.624760126337
83	229.844054478293
84	241.018403866617
85	355.627397355597
86	504.601939241626
87	597.947458570142
88	579.114214619722
89	459.269903596763
90	310.693354686952
91	223.18059027721
92	249.750313571085
93	374.488193152369
94	522.053579559086
95	603.187922517222
96	568.736593481043
97	439.470653557205
98	293.591554370252
99	219.420369928918
100	261.897433450999
101	395.318148568745
102	538.864739660362
103	605.557557347204
104	554.971123444784
105	417.753918730156
106	277.072233396523
107	218.213426036562
108	276.891587346405
109	417.587533969404
110	555.050739540646
111	605.936624055371
112	539.30185700575
113	395.380931655327
114	261.276557651528
115	218.270087070623
116	292.618663880438
117	439.591221449759
118	570.407474883296
119	605.832795664755
120	524.088117264524
121	374.151649268903
122	246.38092292536
123	218.09984201049
124	306.896851134398
125	459.786320588363
126	584.854835284016
127	606.47350986572
128	510.938581163184
129	355.053901451809
130	232.336893014929
131	216.96013754112
132	318.999311769699
133	477.93727847305
134	598.558573687643
135	607.950788996668
136	499.523018970246
137	337.505149147755
138	218.915191557528
139	215.493944212357
140	330.327981653691
141	495.368776675153
142	611.723949750655
143	608.89802101299
144	487.517926132359
145	319.645262186066
146	206.040575315257
147	215.682122395934
148	343.832104463523
149	514.169491838219
150	624.191078313083
151	606.916944980039
152	471.750264211239
153	299.518630560925
154	194.191924596855
155	220.078206671096
156	362.455025064925
157	535.799515936034
158	635.117584249698
159	599.595106572376
160	449.949307611603
161	276.469413563777
162	184.567324093388
163	230.659069001731
164	387.423722348478
165	559.902928596701
166	643.0152036318
167	585.647262618117
168	422.179022624305
169	251.937845013699
170	178.825137925793
171	247.833275700345
172	417.29606579698
173	584.032756443417
174	646.218297601533
175	565.631188962722
176	391.171781916472
177	229.155559046395
178	178.451795722728
179	270.095554353549
180	448.304748280054
181	604.513511494207
182	643.605845900294
183	541.872142525644
184	361.336812709482
185	211.824898710988
186	184.042565722025
187	294.523899839728
188	475.881600725349
189	618.055576549541
190	635.219190565708
191	517.594478859501
192	336.887894884248
193	202.418077962527
194	194.876365322978
195	317.923876410508
196	496.647139903981
197	623.320283565677
198	622.424503645093
199	495.630632761183
200	319.983478606801
201	200.955170639757
202	209.054464075047
203	338.118637032165
204	509.909413030402
205	621.634350386162
206	607.472964562656
207	477.280766117867
208	309.775220949914
209	204.896795350817
210	224.201195983053
211	354.807658321691
212	517.950242780616
213	616.468939377877
214	592.615754446229
215	461.835242176984
216	302.821790629317
217	210.233072081957
218	238.429239410546
219	369.607573478956
220	524.963306091575
221	611.916413466104
222	579.176947346544
223	446.975380793872
224	294.667537102184
225	213.251584203387
226	251.111068873765
227	385.255995224694
228	535.152193996162
229	610.898068958145
230	567.038503228302
231	429.873373987887
232	281.837076200983
233	212.131666271483
234	263.067380328763
235	404.334201959361
236	550.881674600051
237	613.962931444379
238	554.807694661992
239	408.500851868425
240	263.321604455114
241	207.609850046743
242	276.060395126221
243	428.076210167922
244	571.721969233193
245	619.230212203444
246	540.601699182371
247	382.567791194444
248	240.904140886072
249	202.436476857853
250	291.83040663712
251	455.786326472141
252	594.774753187741
253	623.449538972842
254	523.065602499786
255	353.685826624989
256	218.241303905136
257	199.947607905211
258	311.156712546552
259	485.108997103112
260	616.054209478353
261	623.603731843824
262	502.107601128718
263	324.701068758602
264	199.201158266703
265	202.498594197775
266	333.425654598965
267	513.012207340544
268	632.22035452241
269	618.238347093673
270	478.96783581605
271	298.511144370742
272	186.269816360854
273	210.534937354517
274	356.936386255729
275	537.031551494228
276	641.846615054144
277	607.885062795362
278	455.577516648342
279	276.904124523792
280	179.747986980439
281	222.708873702669
282	379.790702312417
283	556.215188435454
284	645.684093002441
285	594.4451561154
286	433.542183416939
287	259.9365604134
288	178.030593949262
289	236.888602285457
290	400.894678508156
291	571.354312337395
292	645.901671474215
293	579.94587783594
294	413.298084306175
295	246.116984606931
296	178.725712613185
297	251.449828244292
298	420.520127498183
299	584.411559960642
300	644.769242937525
301	565.389179121771
302	393.920618052936
303	233.294563334521
304	179.990115698564
305	266.12321659778
306	440.08809245953
307	597.423128395504
308	643.476712952717
309	550.32438851282
310	373.730754602586
311	219.83410920871
312	181.410108075784
313	281.948272295358
314	461.246226278382
315	611.387732300515
316	641.653646464682
317	533.351292247704
318	351.412945415938
319	205.52933146738
320	184.037448971783
321	300.396529040852
322	484.708627013831
323	625.66223862091
324	637.761977938436
325	513.233105193048
326	327.05231728366
327	191.822841439034
328	189.639092298866
329	322.194344729383
330	509.496780257659
331	638.157005099831
332	630.088891239033
333	489.956378836529
334	302.492118917307
335	181.2128325473
336	199.603803368908
337	346.545374309718
338	533.057427657318
339	646.263080789411
340	617.790920222567
341	465.101224021774
342	280.728593416259
343	176.095923911918
344	214.085063118305
345	371.234336685178
346	552.301035623606
347	648.107046078076
348	601.455761527633
349	441.265031884046
350	264.554367685551
351	177.560472864664
352	231.800505086633
353	393.605779769166
354	565.112987994596
355	643.566612102741
356	582.924803936206
357	420.81057917203
358	255.084796674994
359	184.68577778224
360	250.554785576723
361	411.917981427232
362	571.593294112374
363	634.566475171324
364	564.500761031409
365	404.599513968466
366	250.927243915579
367	194.696974172924
368	268.193740001407
369	426.340617711979
370	574.348365629639
371	624.477115794355
372	547.956182014662
373	391.411753048899
374	248.494512965503
375	203.957483588977
376	283.508546461278
377	439.024247453439
378	577.580705549377
379	616.831448282124
380	533.825644610054
381	378.413337661873
382	243.427540312774
383	209.408118853634
384	296.666880872057
385	453.141228507617
386	585.306288396799
387	613.885345669904
388	521.293980865242
389	362.493597835441
390	232.534714413754
391	209.848373741889
392	309.003780780694
393	471.336240267966
394	599.488384456974
395	615.638559531226
396	508.688418319132
397	341.830158528493
398	215.356631465832
399	206.500158949631
400	322.317188103526
401	494.347661606175
402	618.972265995562
403	619.755420174212
404	494.302303120391
405	316.900832332412
406	194.589609419381
407	202.586029312571
408	338.027719620077
409	520.497266163235
410	639.771082325063
411	622.449221063966
412	477.152510296558
413	290.420904918117
414	175.107456704494
415	202.07221962068
416	356.588030870022
417	546.324386385977
418	656.635310090959
419	619.979559863113
420	457.344016935069
421	266.212042467614
422	161.974939781747
423	208.09099639393
424	377.373275813401
425	568.076096712541
426	665.229641014909
427	610.140017791539
428	435.927303472669
429	247.536276025437
430	158.332615645691
431	221.704376498692
432	399.043554405478
433	583.344124921664
434	663.939699005907
435	593.108745450157
436	414.371867755426
437	235.688402868304
438	164.109660236119
439	241.53100174257
440	420.163396993051
441	592.073222879385
442	654.490250369112
443	571.305592533067
444	393.930529000046
445	229.505103153555
446	176.143884370073
447	264.385626013472
448	439.780539692023
449	596.482355066966
450	641.10636882167
451	548.331338967347
452	375.178880666348
453	225.993972959615
454	189.633854630655
455	286.638337191257
456	457.724812702829
457	599.972848658139
458	628.62637519355
459	527.466280357695
460	357.900210870129
461	221.745334257261
462	200.232130008014
463	305.686549281495
464	474.539156863839
465	605.575523522018
466	620.452976554384
467	510.394623307823
468	341.318852889792
469	214.43486765514
470	205.808607276666
471	320.891484469114
472	491.117571787126
473	614.677315858631
474	617.277375325073
475	496.70881637266
476	324.544602605793
477	203.723415666994
478	207.100795601249
479	333.584388698904
480	508.229506229171
481	626.587398377209
482	617.112746834476
483	484.382678981291
484	307.029134749366
485	191.194507411624
486	207.024370924512
487	346.181556806266
488	526.127413162137
489	639.06300043715
490	616.531084086437
491	470.951658164341
492	288.858924292051
493	179.454786400877
494	209.062884338745
495	360.860083919096
496	544.377434393143
497	649.450621662761
498	612.431171513986
499	454.813706763198
500	270.789247375953
501	170.906636342667
502	215.571093091861
503	378.443082704326
504	561.96029120922
505	655.842193606434
506	603.451565002288
507	436.020103448286
508	254.019847690627
509	166.80167972284
510	226.814308904592
511	398.028623309883
512	577.598251327516
513	657.709746979025
514	590.374949253013
515	416.185050807769
516	239.79354453994
517	166.97220992707
518	241.147591433572
519	417.523924720851
520	590.197421317176
521	655.806063464162
522	575.416514281184
523	397.582543439895
524	228.949757249887
525	170.250729594792
526	256.139087586761
527	434.794875391772
528	599.260664306295
529	651.512567159995
530	560.861283799275
531	381.905091193506
532	221.581642752637
533	175.241878232384
534	269.972525260061
535	448.832200058805
536	605.12756875518
537	646.067881498324
538	547.820661372631
539	369.330178621667
540	216.925641092674
541	180.983305447392
542	282.360630721011
543	460.324780166987
544	608.937588177516
545	640.10199616081
546	535.769200905885
547	358.387930325956
548	213.552197046288
549	187.168490090643
550	294.50453228533
551	471.328080037558
552	612.292115687328
553	633.66299158708
554	523.069851868364
555	346.718047656453
556	209.829939004714
557	193.903891529367
558	308.172028481116
559	484.177529922484
560	616.699146428696
561	626.610127181189
562	508.148367153963
563	332.345122029677
564	204.524617979776
565	201.251826440031
566	324.449037154211
567	500.192891857175
568	622.987404634899
569	619.043296314405
570	490.628310860324
571	314.820566254984
572	197.311074622371
573	208.910725801666
574	342.888322393293
575	518.846897460094
576	630.927111702302
577	611.453831669049
578	471.769932160364
579	295.624612751658
580	188.969755572692
581	216.260502060748
582	361.552055744121
583	537.857067915554
584	639.250614402508
585	604.491563284869
586	453.946447852013
587	277.579993624962
588	181.135731290396
589	222.740635098652
590	377.947140134786
591	554.202185464283
592	646.121965320707
593	598.510402809743
594	439.426191561906
595	263.527486208318
596	175.6483198919
597	228.297395172718
598	390.355044376765
599	565.589614435088
600	649.906292676685
601	593.212509802565
602	429.11893043448
603	254.903070308501
604	173.743260944956
605	233.577590059059
606	398.829967821521
607	571.648053498714
608	649.924946154776
609	587.661755270204
610	421.97863116055
611	250.935010135193
612	175.441755293781
613	239.696401172861
614	405.304209701065
615	574.22791965077
616	646.841583694046
617	580.70969201709
618	415.41340229945
619	248.896242050597
620	179.448358841376
621	247.675834898476
622	412.71063946875
623	576.615988010141
624	642.451665686105
625	571.609562440655
626	406.517879085626
627	245.334236114343
628	183.666544448978
629	257.87366745105
630	423.558020768929
631	582.007918482214
632	638.907114240851
633	560.451558622788
634	393.499904843493
635	237.708707700747
636	186.153977081303
637	269.759391661435
638	438.694325156996
639	591.964767854585
640	637.687751663453
641	548.130248925868
642	376.559835983126
643	225.645231749175
644	186.102584384727
645	282.210569878137
646	456.904552127005
647	605.610996656062
648	638.792307122333
649	535.818175324168
650	357.760051101789
651	211.178803640685
652	184.368348293044
653	294.198259939638
654	475.557439884012
655	619.986992595178
656	640.567191380682
657	524.220321036841
658	339.948428327945
659	197.842251447377
660	183.244779441478
661	305.479809873491
662	491.967045376023
663	631.412015741614
664	640.322865267683
665	513.044277331046
666	325.29520950712
667	189.017278162789
668	185.512988686999
669	316.874854795091
670	504.760097941701
671	637.216688556306
672	635.517456824975
673	501.035183728502
674	314.205786638148
675	186.332684215788
676	193.157321261137
677	329.906030453487
678	514.536751069239
679	637.015061049708
680	624.991020109296
681	486.625260419218
682	305.174824505469
683	188.880580215294
684	206.331943030079
685	345.937785522781
686	523.48306070499
687	632.902118624953
688	609.666198782257
689	468.893182969932
690	295.653361554084
691	193.630122652469
692	223.088974565746
693	365.252166578629
694	534.143080611846
695	628.480077321709
696	592.344199718864
697	448.31828286902
698	283.469998755592
699	196.840166507148
700	240.049191373172
701	386.581802253197
702	547.997846203973
703	627.182196586129
704	576.63345550248
705	426.878182611556
706	268.05862762858
707	195.79142400115
708	253.757760872266
709	407.415999161898
710	564.59754693754
711	630.698096075861
712	565.462836234685
713	407.358977340715
714	250.848730381958
715	190.011251679161
716	262.129685260609
717	425.00084017617
718	581.701641039025
719	638.246157713184
720	559.848145887084
721	392.163321306493
722	234.613611616868
723	181.420106009838
724	265.323620505324
725	437.574318897958
726	596.354704865329
727	647.018806696761
728	558.484319379
729	382.191360670391
730	222.114701315233
731	173.357884277023
732	265.63242274388
733	445.220726299645
734	606.340843119644
735	653.556073038292
736	558.361315816287
737	376.368590954927
738	214.741830648023
739	168.987006078563
740	266.432958595351
741	449.890578439728
742	611.269192459675
743	655.364237809126
744	556.123572580767
745	372.090160751008
746	211.843562041518
747	169.852851512245
748	270.68014857958
749	454.540671536331
750	612.742791772597
751	652.001757506607
752	549.541989172207
753	366.392797481637
754	211.076549158809
755	175.278063012172
756	279.644781398028
757	461.795825854081
758	613.542732579375
759	645.141324967277
760	538.417011662442
761	357.290681435394
762	209.574718256
763	182.837508218369
764	292.47372686369
765	472.784912859673
766	616.264226497265
767	637.63224196979
768	524.508939555488
769	344.619768485715
770	205.325915419081
771	189.627427402021
772	306.75172084854
773	486.722341339423
774	622.107862045405
775	632.069611888079
776	510.562492046185
777	329.980263815912
778	198.057891255376
779	193.672024455124
780	319.761224348869
781	501.429067651557
782	630.424974929304
783	629.589574066974
784	498.925818761233
785	315.825872938101
786	189.213118314781
787	194.779731603583
788	329.808160949284
789	514.508032662729
790	639.205510383958
791	629.459163706869
792	490.4469355564
793	304.183175844972
794	181.077357499081
795	194.469947946397
796	336.967043358901
797	524.557585442954
798	646.203996371207
799	629.606763882707
800	484.175529029926
801	295.667362433951
802	175.559393539698
803	195.069859329378
804	342.902354661056
805	531.796979216719
806	650.085309563519
807	627.768023605425
808	477.986464430836
809	289.295265119825
810	173.273657044277
811	198.482954573563
812	349.889077948997
813	537.795590121331
814	650.995618165342
815	622.63995004107
816	469.781418598847
817	283.170160470938
818	173.382355045371
819	205.259535546773
820	359.549758305952
821	544.47456349979
822	650.300052539588
823	614.473134291688
824	458.646344486629
825	275.650442379139
826	174.225985666025
827	214.406221702835
828	371.953535510753
829	552.933992597522
830	649.686493260536
831	604.851065759183
832	445.38005987247
833	266.36043302143
834	174.347890611571
835	223.972967956884
836	385.526074951595
837	562.747341026633
838	650.164665712446
839	595.828006838062
840	432.137356499178
841	256.490181020976
842	173.326832054556
843	232.066535052221
844	397.803792556116
845	572.111445780137
846	651.518766011629
847	588.902782335002
848	421.377953568087
849	248.214210024903
850	171.966269216673
851	237.755023429084
852	406.644009413415
853	578.780463479398
854	652.495594552128
855	584.348412239713
856	414.653836397238
857	243.532594647958
858	171.764837619348
859	241.42759108806
860	411.285111862329
861	581.290494404604
862	651.590344605858
863	581.194886251113
864	411.835068658587
865	243.149536165088
866	173.995278190442
867	244.48418945789
868	412.739646560214
869	579.822537102074
870	647.964331587133
871	577.809345069326
872	411.143011864371
873	245.989154725314
874	178.92577827515
875	248.575696318636
876	413.344339108253
877	576.239202782551
878	641.97158910661
879	572.726682909753
880	409.955039356191
881	249.614040634322
882	185.619420120399
883	254.814392047645
884	415.706132382115
885	573.265161452324
886	635.008780582072
887	565.298776737384
888	405.973223850944
889	251.336966826299
890	192.407105634431
891	263.338740419502
892	421.564520395244
893	573.231764161004
894	628.794906208794
895	555.876099934129
896	398.192809361164
897	249.452133326853
898	197.743821944347
899	273.387559765156
900	431.105554472637
901	577.034082789238
902	624.509410189716
903	545.510744220972
904	387.230947521505
905	243.951746177218
906	200.946565298024
907	283.758899491532
908	443.018387475484
909	583.833967581701
910	622.287565324661
911	535.413585780199
912	374.905585314345
913	236.367513432745
914	202.392999404017
915	293.3546336402
916	455.215852888546
917	591.647653583449
918	621.352798507749
919	526.481742239885
920	363.315020492241
921	228.838627437854
922	203.08454062614
923	301.526122275781
924	465.834613125891
925	598.490926080759
926	620.684296361216
927	519.108649478764
928	353.882755844171
929	222.913182793642
930	203.85837437197
931	308.107971055471
932	474.031966997771
933	603.464857889115
934	619.795301475915
935	513.280752460424
936	346.807259736009
937	218.72531710174
938	204.748857712916
939	313.236239894546
940	480.236248873091
941	607.202454211238
942	619.122096457904
943	508.788928872439
944	341.124867268179
945	214.986023265744
946	204.920654685207
947	317.162090048495
948	485.796443452378
949	611.439482030997
950	619.74563239352
951	505.346236160022
952	335.288135442517
953	209.791229157845
954	203.261271585226
955	320.226836651205
956	492.259463116088
957	617.939088577671
958	622.566886035094
959	502.519776802798
960	327.937377719537
961	201.81595577144
962	199.31564992604
963	322.999355418453
964	500.644418417813
965	627.344126681314
966	627.407463899368
967	499.567650111765
968	318.498783766842
969	191.255879297253
970	194.00319559674
971	326.409382080015
972	511.031777488338
973	638.574190426051
974	632.602276387674
975	495.39200376654
976	307.376131769258
977	180.004120282637
978	189.627496702669
979	331.661594432025
980	522.593276579818
981	649.106020077266
982	635.421435333215
983	488.784101273217
984	295.723602881194
985	170.943205793117
986	189.049840044672
987	339.832564576834
988	533.971077455868
989	656.023111724485
990	633.214633927293
991	478.953791476962
992	284.972757394606
993	166.68489102402
994	194.363388302207
995	351.274752886183
996	543.782810459682
997	657.327933061951
998	624.749411369912
999	466.110846147361
1000	276.352485868284
1001	168.371084563114
1002	205.721735839176
1003	365.141256227328
1004	551.031325116129
1005	652.877559591467
1006	611.050609437867
1007	451.746175782097
1008	270.578840003634
1009	175.117758482986
1010	220.959425380546
1011	379.368860666676
1012	555.303361909586
1013	644.492865868722
1014	595.2476760757
1015	438.344629255409
1016	267.763927635681
1017	184.363277233534
1018	236.281791831565
1019	391.269938103738
1020	556.769031357535
1021	635.199237922509
1022	581.412561782383
1023	428.530913021471
1024	267.485367706836
1025	192.941882014631
1026	247.771324638404
1027	398.565531162387
1028	556.067253993145
1029	627.972516025557
1030	572.88487159779
1031	423.972828661316
1032	268.925900414255
1033	198.365627404013
1034	253.029455756361
1035	400.412070430214
1036	554.154040146658
1037	624.581145158145
1038	570.864667160335
1039	424.559449387089
1040	271.032627164151
1041	199.726049709891
1042	252.173817733122
1043	397.900822104365
1044	552.132961531095
1045	625.036911742181
1046	573.951272954994
1047	428.307027429941
1048	272.704047075695
1049	197.841516375099
1050	247.703296939331
1051	393.711435534593
1052	551.043087134153
1053	627.84786612409
1054	578.860078332776
1055	432.126007360267
1056	273.030491873615
1057	194.654491145563
1058	243.28666837239
1059	390.999712738228
1060	551.594816880639
1061	630.880135834419
1062	581.97905742225
1063	433.155121372183
1064	271.567158365983
1065	192.228269397146
1066	242.05342766526
1067	391.998828349669
1068	553.913129703897
1069	632.374369838853
1070	581.019630234984
1071	430.053175129823
1072	268.541520131663
1073	191.839436272087
1074	245.203607668114
1075	396.998693228963
1076	557.415904616905
1077	631.643640292968
1078	575.978232425682
1079	423.613713689368
1080	264.855697095778
1081	193.557466670402
1082	251.587055133122
1083	404.22411495243
1084	560.954887722063
1085	629.187901892514
1086	568.973568376039
1087	416.367975077941
1088	261.793819463534
1089	196.424279131761
1090	258.417908345399
1091	410.710862666466
1092	563.248249125275
1093	626.268241192058
1094	563.081546275408
1095	411.332128323807
1096	260.483034064025
1097	199.051453568473
1098	262.733641852337
1099	413.782184895681
1100	563.472463985726
1101	624.22786214813
1102	560.773326632577
1103	410.491748685731
1104	261.317258474079
1105	200.289559020312
1106	262.859599442523
1107	412.410218562065
1108	561.747487091397
1109	623.913365426547
1110	562.731733364236
1111	413.770996635685
1112	263.635367623514
1113	199.655840553125
1114	259.168352948033
1115	407.779709591241
1116	559.236758774806
1117	625.431791772338
1118	567.601404853332
1119	419.014092141291
1120	265.877834045544
1121	197.387379937144
1122	253.802597465835
1123	402.752734712682
1124	557.729968414888
1125	628.266098357732
1126	572.741740401482
1127	423.011432375628
1128	266.23411437768
1129	194.198317906705
1130	249.557704795773
1131	400.478980958251
1132	558.829275706873
1133	631.592243199916
1134	575.553375063551
1135	423.077254580449
1136	263.531625170901
1137	190.943609160929
1138	248.52424519367
1139	402.831824205591
1140	563.093598308404
1141	634.586241856576
1142	574.690147720658
1143	418.398166261435
1144	257.945788907202
1145	188.375694734186
1146	251.173252175081
1147	409.450506586542
1148	569.575774024854
1149	636.587104544945
1150	570.569061581429
1151	410.47433892281
1152	251.139286140497
1153	187.060090042431
1154	256.301417097713
1155	417.875353444427
1156	576.046324644357
1157	637.120430087794
1158	564.981683962093
1159	402.422403772424
1160	245.680280836017
1161	187.384444547898
1162	261.792743330238
1163	424.719483078679
1164	579.88187025184
1165	635.888287115082
1166	560.077048943086
1167	397.478070934056
1168	243.940925658064
1169	189.542065030933
1170	265.743645550283
1171	427.300510177744
1172	579.253973421342
1173	632.829615222313
1174	557.284836821585
1175	397.439010342354
1176	246.964303039971
1177	193.424851872399
1178	267.347969368982
1179	424.923815579312
1180	574.063608689524
1181	628.260718290992
1182	556.733687310929
1183	401.819100852635
1184	253.852579126863
1185	198.476807254144
1186	267.110086851925
1187	419.18397867785
1188	566.141824560622
1189	622.990782669993
1190	557.418189111711
1191	408.127462914634
1192	262.017938888982
1193	203.649224894254
1194	266.339926834426
1195	413.144262773959
1196	558.561768254245
1197	618.261249382333
1198	557.953735788156
1199	413.121746830681
1200	268.238193528599
1201	207.589051377809
1202	266.268501733283
1203	409.814443217615
1204	554.332457752526
1205	615.425653022515
1206	557.456116630773
1207	414.401841881054
1208	270.062623774725
1209	209.073591422695
1210	267.302458060355
1211	410.690364961017
1212	555.059987176191
1213	615.438683941671
1214	556.047045337106
1215	411.551595896831
1216	266.922154469965
1217	207.542068644884
1218	268.826289943842
1219	415.073000674615
1220	560.201962810883
1221	618.370083455023
1222	554.723109580886
1223	406.278455554169
1224	260.417426399273
1225	203.468702214118
1226	269.634644839784
1227	420.479261964666
1228	567.274476444223
1229	623.203829736969
1230	554.693467778777
1231	401.514744843996
1232	253.639785914012
1233	198.349577415996
1234	268.720793729498
1235	423.903564332173
1236	572.922108034852
1237	628.082163845077
1238	556.586095559186
1239	399.963513198043
1240	249.839343573757
1241	194.239468986724
1242	265.955393270974
1243	423.272231420108
1244	574.351017586329
1245	630.94742072361
1246	559.986407902353
1247	402.832551731802
1248	251.06283468752
1249	192.996582245461
1250	262.260423460474
1251	418.360945354209
1252	570.458609889756
1253	630.328403691463
1254	563.578830003794
1255	409.376293465486
1256	257.386883147757
1257	195.554184414876
1258	259.169598596638
1259	410.74582252684
1260	562.154328654647
1261	625.92632565598
1262	565.824261220876
1263	417.431098791619
1264	267.06863227681
1265	201.545679284152
1266	258.006960971134
1267	402.866722534452
1268	551.772128827759
1269	618.735138944304
1270	565.811178520385
1271	424.616709475985
1272	277.481065117301
1273	209.451550476485
1274	259.124514424547
1275	396.730013868448
1276	541.918453768286
1277	610.647285459791
1278	563.823115127234
1279	429.551318865479
1280	286.326673675931
1281	217.190997453804
1282	261.608982378619
1283	392.938384692738
1284	534.354949629141
1285	603.737779926259
1286	561.31570095858
1287	432.451104780393
1288	292.518467298731
1289	222.875747841297
1290	263.620295831684
1291	390.534466167215
1292	529.457123457996
1293	599.560523373067
1294	560.305264696769
1295	434.833046952449
1296	296.327913532371
1297	225.38569005677
1298	263.197751517369
1299	387.699650845037
1300	526.457701095881
1301	598.758410602687
1302	562.470477747284
1303	438.520467466768
1304	298.806648900641
1305	224.542711425499
1306	259.137765463777
1307	382.899604436541
1308	524.258254912218
1309	601.105374438725
1310	568.403043350578
1311	444.509181164843
1312	300.873138743655
1313	220.882120026121
1314	251.525961531333
1315	375.848196049051
1316	522.301779942124
1317	605.868466789296
1318	577.351456667123
1319	452.305710966337
1320	302.613723769909
1321	215.224952196374
1322	241.695740941334
1323	367.778572170189
1324	520.993664915989
1325	612.229215706641
1326	587.54368350266
1327	460.080489197126
1328	303.200836408288
1329	208.327800751719
1330	231.675233378607
1331	360.890719739426
1332	521.434632318043
1333	619.514675621953
1334	596.893541952415
1335	465.54037576558
1336	301.46603050094
1337	200.794907432962
1338	223.419302723205
1339	357.28031435356
1340	524.630606178315
1341	627.145220140459
1342	603.736832879221
1343	467.052096855469
1344	296.785456054674
1345	193.241607599272
1346	218.188008702227
1347	357.9137705764
1348	530.648760909821
1349	634.40924705759
1350	607.276648020191
1351	464.434168076311
1352	289.750249516066
1353	186.520228694823
1354	216.311259236062
1355	362.169633595921
1356	538.228656239859
1357	640.299164520072
1358	607.605428009074
1359	459.029068251108
1360	282.205794942508
1361	181.769418584
1362	217.354942396468
1363	368.152648191415
1364	545.110646985355
1365	643.610346869628
1366	605.398247630844
1367	453.05508542949
1368	276.590576652487
1369	180.159082302592
1370	220.506904944799
1371	373.580365802263
1372	548.946422674041
1373	643.331818488922
1374	601.512388874425
1375	448.606056744392
1376	274.896473178404
1377	182.410878437463
1378	224.933545576635
1379	376.761092302797
1380	548.327626860816
1381	639.147790734764
1382	596.717996853527
1383	446.823758877691
1384	277.791710551401
1385	188.351631212782
1386	229.938807078874
1387	377.168581963281
1388	543.390543854828
1389	631.753949206666
1390	591.650371842025
1391	447.639767367625
1392	284.372389720801
1393	196.788975031555
1394	234.919989046108
1395	375.366590910401
1396	535.67351435529
1397	622.752457877382
1398	586.911433195775
1399	450.154035300499
1400	292.676775337047
1401	205.851687403817
1402	239.251482262879
1403	372.399242488406
1404	527.302013651933
1405	614.104467589611
1406	583.158816385608
1407	453.373524831282
1408	300.687879873869
1409	213.684337349731
1410	242.256374556674
1411	369.039817118318
1412	519.937472607601
1413	607.372889861391
1414	581.054652906871
1415	456.862507347546
1416	307.287644185702
1417	219.169175415892
1418	243.33813640297
1419	365.335483353222
1420	514.051635091338
1421	603.133386183393
1422	581.070774548759
1423	460.941283632131
1424	312.655229573018
1425	222.299313004711
1426	242.206103242542
1427	360.685855657759
1428	508.907594769861
1429	600.872732508798
1430	583.274159108704
1431	466.352448284451
1432	317.909023433335
1433	223.989498350388
1434	239.035913952639
1435	354.371269062
1436	503.238203782109
1437	599.447622194792
1438	587.257298111327
1439	473.627362656261
1440	324.210643735264
1441	225.408068775405
1442	234.425294879163
1443	346.187580401811
1444	496.225064724546
1445	597.869826475706
1446	592.300659932367
1447	482.552832740137
1448	331.850172070112
1449	227.186501483658
1450	229.129531707474
1451	336.791993476087
1452	488.210273249211
1453	595.985781166059
1454	597.704055742939
1455	492.069239715753
1456	339.847816012265
1457	228.954654716689
1458	223.712668564672
1459	327.542344108963
1460	480.715480849515
1461	594.650062538231
1462	603.096814167943
1463	500.672102139531
1464	346.325606375695
1465	229.495617232387
1466	218.329645946417
1467	319.913261773101
1468	475.724544566707
1469	595.251258084068
1470	608.521158492473
1471	507.091824261845
1472	349.474533216129
1473	227.483643380802
1474	212.800293792263
1475	314.821494921687
1476	474.600124590576
1477	598.805898842877
1478	614.202344624406
1479	510.863041156379
1480	348.601629368986
1481	222.434585612619
1482	206.967680604317
1483	312.246197867754
1484	477.223094981908
1485	605.099088519931
1486	620.112569903568
1487	512.459190277856
1488	344.677648209899
1489	215.345689139541
1490	201.144167366565
1491	311.357680619827
1492	481.842239554646
1493	612.367733524618
1494	625.59042203497
1495	512.922537969437
1496	340.059929443876
1497	208.626139967753
1498	196.354389847128
1499	311.069339386196
1500	485.749616269799
1501	617.769140924191
1502	629.292900369799
1503	513.217983862477
1504	337.503834982844
1505	205.270010019014
1506	194.155133080388
1507	310.675126143314
1508	486.452834750123
1509	618.47618638791
1510	629.605746275224
1511	513.707004693408
1512	338.962949040461
1513	207.622108273875
1514	196.026208183882
1515	310.17760218001
1516	482.741172760608
1517	612.898937806983
1518	625.388623365425
1519	514.074445884667
1520	344.800261922052
1521	216.322957832462
1522	202.576499187207
1523	310.088657991169
1524	475.091399412191
1525	601.436961805009
1526	616.716593687593
1527	513.774944325763
1528	353.817935887724
1529	229.958919127793
1530	212.957137917059
1531	310.801746804602
1532	465.210735477414
1533	586.377251770802
1534	605.222957180375
1535	512.744407421434
1536	364.073116605676
1537	245.608351937934
1538	224.826546979948
1539	311.91257298619
1540	454.981704628227
1541	570.968718837048
1542	593.797527157206
1543	511.929719433155
1544	374.018625938428
1545	260.033033225683
1546	234.977231936473
1547	311.940519031593
1548	445.402411031756
1549	558.112160345091
1550	585.686932761866
1551	513.246321745119
1552	383.326185726262
1553	270.945158437534
1554	240.420856140014
1555	308.718488259446
1556	436.121901995964
1557	549.290749728983
1558	583.33714787971
1559	518.863937503023
1560	392.921833413878
1561	277.752686573349
1562	239.493075947468
1563	300.359977087814
1564	425.842194851056
1565	544.230914538836
1566	587.463213235501
1567	530.099367830287
1568	404.202903383849
1569	281.465505085142
1570	232.505389896643
1571	286.366300906894
1572	413.368072128061
1573	541.397460632401
1574	596.748884462503
1575	546.458950331277
1576	417.878180860042
1577	283.884078671789
1578	221.660618716055
1579	268.29493357248
1580	398.699348589259
1581	538.99511552593
1582	608.305832388973
1583	565.369652446461
1584	433.11670393883
1585	286.556602806834
1586	210.271157145389
1587	249.56386886893
1588	383.496693350401
1589	535.902222631551
1590	618.690728230614
1591	582.848864562981
1592	447.560896073545
1593	290.085018477418
1594	201.617703920196
1595	234.357016354823
1596	370.561665826501
1597	532.032962498591
1598	625.049491920847
1599	594.919591845354
1600	458.309352548219
1601	294.135025040539
1602	197.918531825339
1603	226.036323608685
1604	362.503350191045
1605	527.971886116527
1606	625.936400209981
1607	599.19643599123
1608	463.433510176941
1609	298.085585021816
1610	199.79087987955
1611	225.738254962468
1612	360.239532677434
1613	524.155834582471
1614	621.539179791852
1615	595.941915414471
1616	463.249991907531
1617	301.873188127573
1618	206.334811117529
1619	231.793420066134
1620	362.13878109346
1621	520.151558405407
1622	613.325097574352
1623	588.094119610364
1624	460.623003119196
1625	306.460984563288
1626	215.691483045007
1627	240.266636943559
1628	364.347237417595
1629	514.534205206347
1630	603.360208264605
1631	580.208059671914
1632	460.014260419837
1633	313.570525975185
1634	225.760353709615
1635	246.426254220418
1636	362.274586076771
1637	505.527389298909
1638	593.634176155114
1639	576.729992293047
1640	465.621176756499
1641	324.747217493472
1642	234.771091893236
1643	246.54330612756
1644	352.617537109386
1645	492.104960186627
1646	585.629243799589
1647	580.315116362683
1648	479.433999181343
1649	340.251518171868
1650	241.562064260905
1651	239.28093255083
1652	334.981881385208
1653	474.936004161662
1654	580.181888147023
1655	590.872995260976
1656	500.142103673414
1657	358.434661600062
1658	245.609450263538
1659	226.121679061238
1660	312.29985424381
1661	456.568750793329
1662	577.521657455647
1663	605.701078843304
1664	523.461659790112
1665	376.058642637548
1666	246.962798879906
1667	210.700811869476
1668	289.77803378393
1669	440.6108706615
1670	577.326644399789
1671	620.600513148177
1672	543.803483824024
1673	389.541301418474
1674	246.218449159522
1675	197.370635161673
1676	272.798232661562
1677	430.196255295865
1678	578.71967607869
1679	631.473197200371
1680	556.564989973932
1681	396.593728539538
1682	244.536766096962
1683	189.61111230298
1684	264.696255469177
1685	426.450908806414
1686	580.269353998755
1687	635.742975393519
1688	560.024070809017
1689	397.447207761609
1690	243.583239743449
1691	188.911599922238
1692	265.413878839671
1693	427.745919142145
1694	580.145450960178
1695	633.075412753555
1696	555.987450817706
1697	395.002842115709
1698	245.248205071093
1699	194.49774627647
1700	271.620790028102
1701	430.190042076866
1702	576.53408755651
1703	625.205745632338
1704	548.919153504108
1705	393.732834216928
1706	251.110585548669
1707	203.900942599147
1708	278.226859732738
1709	429.21992474552
1710	568.255757017841
1711	615.057502462456
1712	543.970498518647
1713	397.77918955736
1714	261.800233275837
1715	214.040604285087
1716	280.575696778753
1717	421.587944892272
1718	555.344548545893
1719	605.581763647281
1720	544.819339740949
1721	409.12004162077
1722	276.560868037765
1723	222.343772794668
1724	276.325421410544
1725	406.815398897437
1726	539.265955942152
1727	598.782771261699
1728	552.277649512046
1729	426.679680477891
1730	293.309464342353
1731	227.495455267794
1732	266.20753466262
1733	387.404114299591
1734	522.552307717137
1735	595.239398535035
1736	564.232133836859
1737	446.827288128765
1738	309.296697863959
1739	229.630317992535
1740	253.40606196629
1741	367.683533378796
1742	507.895561182158
1743	594.18490678356
1744	576.845650456088
1745	465.046033433371
1746	322.17499041301
1747	230.021715822207
1748	241.941098379277
1749	351.828363284203
1750	497.032680444486
1751	593.991790175459
1752	586.379698526023
1753	477.98621347709
1754	331.030152362043
1755	230.488724909772
1756	234.865629889353
1757	341.986054069012
1758	489.92576690557
1759	592.807106546588
1760	590.76493957397
1761	484.928645436068
1762	336.878435823547
1763	232.777144023558
1764	233.103087521307
1765	337.399180757214
1766	484.665511883419
1767	589.108508132091
1768	590.238373861924
1769	487.974049722441
1770	342.330240853617
1771	238.098441006875
1772	235.382172101952
1773	334.919811092213
1774	478.220729926444
1775	582.053112012318
1776	586.86311727504
1777	490.897914389282
1778	350.498910366309
1779	246.89729283589
1780	239.169105400536
1781	330.63376309231
1782	467.75450473213
1783	571.599115342445
1784	583.289407952593
1785	497.257507254359
1786	363.608549435772
1787	258.829234267807
1788	242.037107371421
1789	321.780555342057
1790	451.928986224242
1791	558.44286611662
1792	581.437763718728
1793	508.686882418275
1794	381.934396376866
1795	272.895302990259
1796	242.76466054928
1797	308.032365841848
1798	431.587740127496
1799	543.824019509497
1800	581.747243009907
1801	524.197468661863
1802	403.586903148951
1803	287.68792104562
1804	241.66576283174
1805	291.536951272103
1806	409.471240079526
1807	529.236285321804
1808	583.281262544613
1809	540.783154422099
1810	425.270131988307
1811	301.715686742857
1812	240.092915133634
1813	275.756143592663
1814	389.069388089193
1815	516.077029120435
1816	584.520278046731
1817	554.976644566765
1818	443.685007484497
1819	313.765697203555
1820	239.479698263522
1821	263.724117361086
1822	373.12820459987
1823	505.291329750816
1824	584.337051674554
1825	564.547197229242
1826	456.934991285894
1827	323.230433955801
1828	240.489680229542
1829	256.612697550946
1830	362.49931860232
1831	497.099721441053
1832	582.60584509901
1833	569.491959127443
1834	465.285054817191
1835	330.299508940879
1836	242.727154630105
1837	253.302065844114
1838	355.860639414041
1839	490.909830912717
1840	580.142831326577
1841	571.860584289932
1842	470.932498801379
1843	335.92833557998
1844	245.123038498514
1845	251.123227461621
1846	350.420264596876
1847	485.473973471467
1848	578.063046959861
1849	574.557010951179
1850	476.920120609111
1851	341.559636223186
1852	246.730443804604
1853	247.343039066461
1854	343.248454308448
1855	479.270428461754
1856	576.956624860183
1857	579.770738328953
1858	485.724993702926
1859	348.669366052916
1860	247.450701405741
1861	240.606934988797
1862	332.595424844907
1863	470.991013994126
1864	576.370190924456
1865	587.848424575819
1866	498.191563568762
1867	358.290294224358
1868	248.266333755701
1869	231.610630236554
1870	318.584865206992
1871	459.961244212541
1872	574.89575321853
1873	597.157307387248
1874	513.284109141715
1875	370.688472948408
1876	250.84052755607
1877	222.696214199518
1878	303.001029655378
1879	446.33638625738
1880	570.828233418693
1881	604.962737602581
1882	528.71595910634
1883	385.31228957203
1884	256.6934901767
1885	216.629558474004
1886	288.33874561142
1887	431.004968974523
1888	563.041097998745
1889	608.82414553518
1890	542.087159807204
1891	401.023232746422
1892	266.396162670667
1893	215.221745915174
1894	276.630240098074
1895	415.250655990913
1896	551.61154549434
1897	607.772487731124
1898	551.942519354163
1899	416.504152629246
1900	279.213069066854
1901	218.504785621727
1902	268.631424430018
1903	400.316745734144
1904	537.859158857532
1905	602.68088572742
1906	558.249746467822
1907	430.678652007482
1908	293.38959815336
1909	224.851089172541
1910	263.721678384839
1911	387.041635882928
1912	523.768925457997
1913	595.686082820599
1914	562.132292488306
1915	442.990843814533
1916	306.944021393518
1917	231.918294535002
1918	260.478308985298
1919	375.682098732737
1920	511.086931160266
1921	589.01775920828
1922	565.087061992634
1923	453.473590828983
1924	318.567195692398
1925	237.878114860299
1926	257.543144523278
1927	365.946817876984
1928	500.540661083658
1929	583.882784523517
1930	568.162784425132
1931	462.62983758783
1932	328.183547932369
1933	242.267899638246
1934	254.28283491595
1935	357.176988569251
1936	491.566004018087
1937	579.988228659165
1938	571.548145170806
1939	471.215872364053
1940	336.904892414935
1941	246.037878061677
1942	250.906210377673
1943	348.574693295401
1944	482.662237344441
1945	575.91723048654
1946	574.748418783952
1947	480.021303933547
1948	346.416537515613
1949	250.818506093191
1950	248.03944147862
1951	339.401163673429
1952	472.182606954229
1953	570.102815141967
1954	577.175415135854
1955	489.6987266849
1956	358.11329229274
1957	257.853266096359
1958	246.078056810663
1959	329.119503250908
1960	459.16119848343
1961	561.829922387362
1962	578.739206371903
1963	500.643774211727
1964	372.413084886097
1965	267.208525848254
1966	244.755304260422
1967	317.498488954105
1968	443.775792223541
1969	551.699458121161
1970	580.042322488704
1971	512.901964885842
1972	388.570143242772
1973	277.70139389429
1974	243.224263107852
1975	304.696903903472
1976	427.242636601224
1977	541.300003096692
1978	582.027200251868
1979	526.096661083967
1980	405.050707741656
1981	287.578928595658
1982	240.630686830737
1983	291.314177166893
1984	411.225541297035
1985	532.277831061916
1986	585.270363018369
1987	539.413502267351
1988	420.25821693292
1989	295.562618686244
1990	236.840082621607
1991	278.355018060285
1992	397.071754861007
1993	525.330834520786
1994	589.353616088503
1995	551.701441350778
1996	433.239326287088
1997	301.668258488055
1998	232.858910402568
1999	267.052781065001
2000	385.2502401982
2001	519.696589053772
2002	592.732745413003
2003	561.726691519757
2004	444.0367256116
2005	307.331475270967
2006	230.633915667575
2007	258.547170637088
2008	375.243240613707
2009	513.437315413337
2010	593.264438893128
2011	568.542760514704
2012	453.550348865759
2013	314.746072943589
2014	232.253217231471
2015	253.497862037264
2016	365.903386231148
2017	504.39115560489
2018	589.180634499298
2019	571.853748597725
2020	463.017597816768
2021	325.75146995227
2022	238.922870612208
2023	251.787339625886
2024	356.062088564044
2025	491.294183289398
2026	580.021971994218
2027	572.204217133228
2028	473.398345098814
2029	340.855564598119
2030	250.255912628574
2031	252.471672021203
2032	345.072254459582
2033	474.477218281541
2034	567.019122940811
2035	570.867655730886
2036	484.970004143735
2037	358.916043198953
2038	264.286709250031
2039	254.055575772106
2040	333.031396011575
2041	455.759811495358
2042	552.668103182075
2043	569.424524268529
2044	497.303904646579
2045	377.659938388823
2046	278.265850105242
2047	255.025643651246
2048	320.615665111949
2049	437.584652246697
2050	539.65600706226
2051	569.169332118877
2052	509.58594772597
2053	394.780530731922
2054	289.883383255715
2055	254.440821837801
2056	308.658587045309
2057	421.835711039421
2058	529.642023594478
2059	570.588142684259
2060	521.073426356138
2061	409.046082380737
2062	298.327646897321
2063	252.326017332397
2064	297.725338478135
2065	408.950950087425
2066	522.496531358084
2067	573.142267220692
2068	531.430657972306
2069	420.847248427887
2070	304.647243960387
2071	249.68179693943
2072	287.910657239937
2073	397.787309207194
2074	516.388373323423
2075	575.470952952798
2076	540.775084943172
2077	431.902842728762
2078	311.222129160565
2079	248.088598824965
2080	278.947786665348
2081	386.303204308029
2082	508.690333682108
2083	575.937568751828
2084	549.43669375445
2085	444.282202165739
2086	320.595927558173
2087	249.071540812256
2088	270.538842978633
2089	372.698781735057
2090	497.260215241756
2091	573.280993341364
2092	557.591675364689
2093	459.256170462608
2094	334.245191241908
2095	253.508149106358
2096	262.699325145412
2097	356.419384022086
2098	481.464204174876
2099	567.080368126481
2100	564.993195591325
2101	476.573087049204
2102	351.892993634514
2103	261.343934031517
2104	255.910507915705
2105	338.504620452344
2106	462.441344497763
2107	557.828753109893
2108	570.959779865543
2109	494.529003302544
2110	371.69556098505
2111	271.733622862424
2112	250.987098762292
2113	321.111384011454
2114	442.496138117002
2115	546.599760508895
2116	574.633850667298
2117	510.784063284089
2118	391.184858540449
2119	283.519978961134
2120	248.728462308917
2121	306.470837530847
2122	423.949923108495
2123	534.487791325735
2124	575.371853339981
2125	523.489564239013
2126	408.46803496265
2127	295.800632089223
2128	249.541958409763
2129	295.830164900742
2130	408.050915724147
2131	522.107678575283
2132	573.05447281847
2133	532.135114211464
2134	423.064074371206
2135	308.298420142276
2136	253.242887019106
2137	288.928896227509
2138	394.498911513632
2139	509.399579414947
2140	568.148158065869
2141	537.681464890537
2142	435.959837927078
2143	321.360232067719
2144	259.140610207599
2145	284.270310967457
2146	381.808742969859
2147	495.820626821575
2148	561.482699624098
2149	541.926969408321
2150	448.884187694854
2151	335.606440880448
2152	266.367104604116
2153	280.02559700739
2154	368.292306646385
2155	480.801489069898
2156	553.861300369957
2157	546.46094663149
2158	463.210452902653
2159	351.435284716798
2160	274.275181904759
2161	275.075988034291
2162	353.116037362091
2163	464.209310983217
2164	545.70808945494
2165	551.771531896512
2166	479.088061806625
2167	368.659315711259
2168	282.697788618318
2169	269.630995448289
2170	336.858144891872
2171	446.559304689582
2172	536.936285636722
2173	556.986645151185
2174	495.274674509644
2175	386.477027700532
2176	291.936056794011
2177	265.093365042201
2178	321.263407104319
2179	428.854210777035
2180	527.100007266492
2181	560.382750952163
2182	509.760371916875
2183	403.801667167567
2184	302.49129110601
2185	263.249417478748
2186	308.327223255619
2187	412.131370963949
2188	515.73836650614
2189	560.380149269939
2190	520.84695924388
2191	419.776608121343
2192	314.695788955238
2193	265.229959058608
2194	299.20491120057
2195	396.955720139665
2196	502.715024712279
2197	556.477074498105
2198	528.095440336638
2199	434.2036227567
2200	328.453577601371
2201	270.8162549703
2202	293.543449411114
2203	383.13066866215
2204	488.357826947386
2205	549.601169706228
2206	532.616543823048
2207	447.650534242611
2208	343.242602579542
2209	278.486449788217
2210	289.615937795013
2211	369.790424598289
2212	473.313238391071
2213	541.665132527441
2214	536.522139068017
2215	461.166709312582
2216	358.383910094426
2217	286.201954098368
2218	285.216341316866
2219	355.843608776539
2220	458.192288730793
2221	534.543100249744
2222	541.800616707796
2223	475.734343927078
2224	373.427894372281
2225	292.528397489533
2226	278.864756831988
2227	340.559216413135
2228	443.211591530193
2229	529.008553315243
2230	549.193233308137
2231	491.718105738244
2232	388.4281115641
2233	297.487615871068
2234	270.695950833333
2235	324.012925793638
2236	428.052638985743
2237	524.217889364506
2238	557.664717054325
2239	508.578196510231
2240	403.918204374101
2241	302.656510692709
2242	262.551951170008
2243	307.179353002446
2244	412.056874769476
2245	518.055674258595
2246	564.76799845202
2247	524.983893218598
2248	420.561343406911
2249	310.411303063782
2250	257.19981648377
2251	291.626796196793
2252	394.691555772393
2253	508.210453581811
2254	567.748587191704
2255	539.273496506552
2256	438.62854112252
2257	322.667855612653
2258	257.043796077616
2259	278.957432872608
2260	376.055722145654
2261	493.453698544775
2262	564.851846225525
2263	550.048577344504
2264	457.582762431168
2265	339.754992265367
2266	262.966609238057
2267	270.246256390626
2268	357.138900232078
2269	474.458513948756
2270	556.183180324771
2271	556.640353941027
2272	476.027641185974
2273	360.022588012099
2274	273.880113842672
2275	265.717523102605
2276	339.639445367837
2277	453.699340738236
2278	543.686574351701
2279	559.26089674173
2280	492.117950178377
2281	380.436303147908
2282	287.217216239628
2283	264.774145269304
2284	325.360281235347
2285	434.425348391131
2286	530.242883361375
2287	558.806013126239
2288	504.294523285637
2289	397.915579498863
2290	300.130263186946
2291	266.331317825835
2292	315.427907039341
2293	419.174881712579
2294	518.325705269887
2295	556.429737045672
2296	512.015083324528
2297	410.780052004398
2298	310.811640184711
2299	269.282140575138
2300	309.707757801272
2301	408.553962310459
2302	508.870081219007
2303	553.090796166951
2304	516.109333148057
2305	419.585343574783
2306	319.294754950502
2307	272.892669684572
2308	306.737906169652
2309	400.900818912755
2310	500.900157604453
2311	549.251653940401
2312	518.530257048292
2313	426.905290861527
2314	327.354389174067
2315	276.987091562125
2316	304.280800665755
2317	393.040330100931
2318	492.084067195505
2319	544.815838478591
2320	521.549937150669
2321	436.125843670822
2322	337.570735808591
2323	281.895157034811
2324	300.295111366389
2325	381.798220586152
2326	479.9295030386
2327	539.277176263514
2328	526.729987230572
2329	449.807345451706
2330	352.026922352833
2331	288.232338515079
2332	293.900583431482
2333	365.559749852531
2334	463.029082758213
2335	531.980961633487
2336	534.141489928179
2337	468.399798050031
2338	371.274934326856
2339	296.62580632006
2340	285.870811934276
2341	345.118132410171
2342	441.758398041206
2343	522.386392282951
2344	542.230750488196
2345	489.93952786124
2346	394.053383520537
2347	307.481979033656
2348	278.379285609204
2349	323.391984331696
2350	418.117045122203
2351	510.257338388259
2352	548.444082251254
2353	510.884647849283
2354	417.856404584916
2355	320.84302489585
2356	274.067934595262
2357	304.140109808477
2358	394.832580304876
2359	495.757547185623
2360	550.361184017619
2361	527.689335146038
2362	440.034340423247
2363	336.338420702596
2364	274.845526413823
2365	290.296214255375
2366	374.200666298874
2367	479.454440260217
2368	546.818094310532
2369	538.349864041923
2370	458.863797940359
2371	353.224529249491
2372	280.985322524925
2373	282.737630665216
2374	357.237695390778
2375	462.236008701083
2376	538.470069475615
2377	543.165686031546
2378	474.072650514711
2379	370.5123655472
2380	290.981447403618
2381	280.089422842144
2382	343.532274677141
2383	445.137635775401
2384	527.486864008944
2385	544.348341361466
2386	486.609650394462
2387	387.184563883149
2388	302.274804303324
2389	279.647699755406
2390	331.806120405693
2391	429.087472565456
2392	516.487622207378
2393	544.690690703883
2394	497.844553399679
2395	402.475271207628
2396	312.529026316448
2397	278.938802696532
2398	320.831616169032
2399	414.620744027147
2400	507.213985749478
2401	545.989577615609
2402	508.666771485792
2403	416.135587457885
2404	320.836301039542
2405	277.100712539731
2406	310.189105125159
2407	401.665204458337
2408	499.607670800825
2409	548.049933395817
2410	518.976344777753
2411	428.565400813338
2412	328.225147684535
2413	275.353878469796
2414	300.461241858607
2415	389.520524647707
2416	491.799216955855
2417	548.809169009065
2418	527.824035214582
2419	440.702484717988
2420	337.155272450502
2421	276.291430843702
2422	292.787685336794
2423	377.108187061571
2424	481.082233134754
2425	545.542313529155
2426	534.08803609469
2427	453.642408967117
2428	350.185357946954
2429	282.338611164721
2430	288.064786350318
2431	363.455110531576
2432	465.440325126255
2433	536.528022418565
2434	537.271417359839
2435	468.095086780444
2436	368.447786690217
2437	294.194497669637
2438	286.278178170962
2439	348.239582753512
2440	444.865353016554
2441	522.273421018588
2442	537.929828164489
2443	483.90152156858
2444	390.72540018198
2445	310.128295283635
2446	286.391001089544
2447	332.146554037778
2448	421.740359726531
2449	505.573390778026
2450	537.436106321652
2451	499.86323020328
2452	413.690482851153
2453	326.604572325206
2454	286.90720882782
2455	316.813727123741
2456	399.974544860251
2457	490.252396848221
2458	537.157466779063
2459	514.03635386044
2460	433.318018643136
2461	340.034281341367
2462	286.84439311222
2463	304.310131770487
2464	383.195712137926
2465	479.134395572401
2466	537.469383695257
2467	524.437761625765
2468	446.873310470806
2469	348.821352927447
2470	286.58713079804
2471	296.315023183083
2472	372.832832560738
2473	472.258983735033
2474	537.170801421886
2475	529.89095213908
2476	454.502986868889
2477	354.623373000303
2478	288.096518676439
2479	293.348118158154
2480	367.081479128293
2481	466.351043045853
2482	533.711923883022
2483	530.619974758768
2484	459.539837983064
2485	362.02681538304
2486	294.237789428767
2487	294.437250289157
2488	361.420445602965
2489	456.023252459956
2490	524.260275161192
2491	528.260309013496
2492	467.170422829907
2493	376.554156579464
2494	307.425708981996
2495	297.453610919927
2496	350.652332460394
2497	436.367550053191
2498	507.195478720308
2499	525.19359879126
2500	481.887883914367
2501	401.751357463278
2502	328.1644556818
2503	300.049506073487
2504	331.681523848468
2505	405.855412437183
2506	483.353975758531
2507	523.431861057449
2508	504.803451124462
2509	436.651011696288
2510	354.183074371019
2511	300.830231395062
2512	305.784905878201
2513	368.183635730703
2514	456.385138451537
2515	523.525573778019
2516	532.090888421186
2517	474.881653706345
2518	380.662894009262
2519	300.23173974436
2520	279.222563838425
2521	332.043386634692
2522	431.929067003802
2523	524.016340193425
2524	555.452538063382
2525	506.066062972578
2526	401.598596536917
2527	300.654700148742
2528	261.680497014674
2529	308.639500910747
2530	415.835224635606
2531	521.754385770657
2532	564.658595120882
2533	519.173936095252
2534	411.830594329859
2535	305.708348644353
2536	262.974351684972
2537	307.781763612968
2538	412.081029074355
2539	513.028763361997
2540	551.281449824074
2541	506.59793502781
2542	408.962820898666
2543	318.816745586543
2544	289.256431085975
2545	334.061214482237
2546	421.217502544707
2547	495.07972924001
2548	512.14870091507
2549	467.320613785381
2550	394.388870748223
2551	341.751009821059
2552	340.275971206152
2553	384.683833819974
2554	439.982677773893
2555	467.3590136123
2556	451.064109168689
2557	407.835933758513
2558	372.993553447129
2559	373.719958558469
2560	408.879117073233
