# kd spectrum
0.000000000;0.000000000
16.675974736;0.715366320
33.351949471;0.601476232
50.027924207;0.934915987
66.703898942;0.379811575
83.379873678;1.154724184
100.055848414;0.158391060
116.731823149;1.243355092
133.407797885;0.900585295
150.083772620;1.000460943
166.759747356;1.902597388
183.435722092;0.115411924
200.111696827;2.952366233
216.787671563;10.119049254
233.463646299;35.450940328
250.139621034;44.993443058
266.815595770;28.176813782
283.491570505;7.167603469
300.167545241;0.451943010
316.843519977;1.409770092
333.519494712;0.232411489
350.195469448;0.883766388
366.871444183;0.306862910
383.547418919;0.522093640
400.223393655;0.483202740
416.899368390;0.186137916
433.575343126;0.469564213
450.251317861;0.083962469
466.927292597;0.356518695
483.603267333;0.190443470
500.279242068;0.084557370
516.955216804;0.421804293
533.631191539;0.082601156
550.307166275;0.299304002
566.983141011;0.080357176
583.659115746;0.198000350
600.335090482;0.172115637
617.011065217;0.093671192
633.687039953;0.199547214
650.363014689;0.037841086
667.038989424;0.172919008
683.714964160;0.100378823
700.390938896;0.109615429
717.066913631;0.144111990
733.742888367;0.046779434
750.418863102;0.120953538
767.094837838;0.106444136
783.770812574;0.164641221
800.446787309;0.094045064
817.122762045;0.092387918
833.798736780;0.102771726
850.474711516;0.030215471
867.150686252;0.105556606
883.826660987;0.055521627
900.502635723;0.079969627
917.178610458;0.085830872
933.854585194;0.042656525
950.530559930;0.093321973
967.206534665;0.034438653
983.882509401;0.083972474
1000.558484136;0.055387998
1017.234458872;0.044176312
1033.910433608;0.111309837
1050.586408343;0.037545008
1067.262383079;0.084815770
1083.938357814;0.017858155
1100.614332550;0.056680762
1117.290307286;0.052699906
1133.966282021;0.037678768
1150.642256757;0.065782031
1167.318231493;0.025958665
1183.994206228;0.062761159
1200.670180964;0.038325635
1217.346155699;0.045641416
1234.022130435;0.056314043
1250.698105171;0.028470079
1267.374079906;0.054683235
1284.050054642;0.040025105
1300.726029377;0.067768287
1317.402004113;0.029070385
1334.077978849;0.039716996
1350.753953584;0.037238155
1367.429928320;0.025442584
1384.105903055;0.047130156
1400.781877791;0.029289955
1417.457852527;0.039677167
1434.133827262;0.040286378
1450.809801998;0.027778063
1467.485776733;0.043776298
1484.161751469;0.023950386
1500.837726205;0.043293155
1517.513700940;0.027984271
1534.189675676;0.032081724
1550.865650411;0.047359007
1567.541625147;0.022451576
1584.217599883;0.036835670
1600.893574618;0.015992607
1617.569549354;0.033228083
1634.245524090;0.032353017
1650.921498825;0.027621538
1667.597473561;0.035205968
1684.273448296;0.022645701
1700.949423032;0.036482072
1717.625397768;0.022659672
1734.301372503;0.030917683
1750.977347239;0.031367859
1767.653321974;0.023682533
1784.329296710;0.032366863
1801.005271446;0.024111961
1817.681246181;0.035458799
1834.357220917;0.016239587
1851.033195652;0.028295740
1867.709170388;0.026369775
1884.385145124;0.026118109
1901.061119859;0.032786152
1917.737094595;0.019704187
1934.413069330;0.030057876
1951.089044066;0.026012330
1967.765018802;0.025490820
1984.440993537;0.027792551
2001.116968273;0.023051509
2017.792943008;0.030685368
2034.468917744;0.019642373
2051.144892480;0.029113997
2067.820867215;0.026733412
2084.496841951;0.022798778
2101.172816687;0.026893619
2117.848791422;0.024331945
2134.524766158;0.029831839
